start	end	avg.score
0.0	100000.0	0.115758086674
50000.0	150000.0	0.140849839647
100000.0	200000.0	0.388179058812
150000.0	250000.0	0.858221427378
200000.0	300000.0	0.823839031736
1100000.0	1200000.0	0.897465217852
1600000.0	1700000.0	0.812537458202
1900000.0	2000000.0	0.722359188805
1950000.0	2050000.0	0.894162791617
2000000.0	2100000.0	0.852404987121
2200000.0	2300000.0	0.866261248419
2300000.0	2400000.0	0.853647606318
2400000.0	2500000.0	0.498909164306
2500000.0	2600000.0	0.829523676929
2550000.0	2650000.0	0.887376800819
2600000.0	2700000.0	0.880094949254
2650000.0	2750000.0	0.751235036149
2700000.0	2800000.0	0.800860214267
2750000.0	2850000.0	0.745622421188
2800000.0	2900000.0	0.887214171194
3350000.0	3450000.0	0.723291021721
3450000.0	3550000.0	0.896448030839
3600000.0	3700000.0	0.854513829429
3650000.0	3750000.0	0.886890844319
3700000.0	3800000.0	0.796817335023
4000000.0	4100000.0	0.859555207224
4150000.0	4250000.0	0.630434420572
4400000.0	4500000.0	0.875801309772
4550000.0	4650000.0	0.802047038804
4650000.0	4750000.0	0.888052289613
4750000.0	4850000.0	0.707717331702
4900000.0	5000000.0	0.797054345429
5100000.0	5200000.0	0.856933474734
5150000.0	5250000.0	0.892272547232
5200000.0	5300000.0	0.788112958814
5300000.0	5400000.0	0.885511461855
5350000.0	5450000.0	0.81137543414
5550000.0	5650000.0	0.884693548286
5850000.0	5950000.0	0.844808691377
5900000.0	6000000.0	0.714569375101
6050000.0	6150000.0	0.825575144753
6100000.0	6200000.0	0.872978195918
7100000.0	7200000.0	0.853550942596
7150000.0	7250000.0	0.392878582309
7200000.0	7300000.0	0.520489898574
7300000.0	7400000.0	0.79045865005
7350000.0	7450000.0	0.894448452561
7400000.0	7500000.0	0.878885302099
7450000.0	7550000.0	0.806057169299
7550000.0	7650000.0	0.847790090544
7600000.0	7700000.0	0.858104481627
7650000.0	7750000.0	0.842673789257
8200000.0	8300000.0	0.896076528467
8250000.0	8350000.0	0.798909797727
8300000.0	8400000.0	0.612511394721
8350000.0	8450000.0	0.619423716525
8400000.0	8500000.0	0.587730876672
8450000.0	8550000.0	0.586837821225
8500000.0	8600000.0	0.64994708401
8550000.0	8650000.0	0.808399726631
9100000.0	9200000.0	0.816250623697
9200000.0	9300000.0	0.86293870929
9250000.0	9350000.0	0.879137747647
9300000.0	9400000.0	0.844651490353
9400000.0	9500000.0	0.784670974743
9450000.0	9550000.0	0.862958091489
9500000.0	9600000.0	0.742595473095
9550000.0	9650000.0	0.623594340263
9600000.0	9700000.0	0.654807723697
9650000.0	9750000.0	0.654685167151
9700000.0	9800000.0	0.790636742886
9800000.0	9900000.0	0.790249143894
9900000.0	10000000.0	0.872354749741
10450000.0	10550000.0	0.891508492672
10500000.0	10600000.0	0.881580427756
10550000.0	10650000.0	0.776446757917
10650000.0	10750000.0	0.86582825706
10950000.0	11050000.0	0.662448347182
11000000.0	11100000.0	0.662529109278
11050000.0	11150000.0	0.896969095717
11100000.0	11200000.0	0.825452866918
11150000.0	11250000.0	0.785192033577
11350000.0	11450000.0	0.770637131168
11400000.0	11500000.0	0.794870213142
11450000.0	11550000.0	0.807669545654
11500000.0	11600000.0	0.872098380454
11600000.0	11700000.0	0.815188816102
11800000.0	11900000.0	0.865649404494
11850000.0	11950000.0	0.702483451942
11900000.0	12000000.0	0.735403941452
12000000.0	12100000.0	0.847488073428
12550000.0	12650000.0	0.8952231019
13500000.0	13600000.0	0.746697481016
13700000.0	13800000.0	0.73158983535
13750000.0	13850000.0	0.874078096444
13800000.0	13900000.0	0.872430709164
13950000.0	14050000.0	0.884415575491
14000000.0	14100000.0	0.815832886917
14100000.0	14200000.0	0.757196457367
14200000.0	14300000.0	0.774050773231
14550000.0	14650000.0	0.845852007593
14800000.0	14900000.0	0.895825188695
14950000.0	15050000.0	0.882426684078
15000000.0	15100000.0	0.884662206882
15100000.0	15200000.0	0.862558481775
15150000.0	15250000.0	0.6563458916
15200000.0	15300000.0	0.882850802398
15350000.0	15450000.0	0.830031746375
15750000.0	15850000.0	0.852830232995
15800000.0	15900000.0	0.849531355464
16000000.0	16100000.0	0.817666155752
16300000.0	16400000.0	0.673052869251
16400000.0	16500000.0	0.895467717129
16600000.0	16700000.0	0.665969980303
16700000.0	16800000.0	0.194363057463
16750000.0	16850000.0	0.694085436712
16900000.0	17000000.0	0.770263881844
17000000.0	17100000.0	0.871855072228
17050000.0	17150000.0	0.648961339452
17100000.0	17200000.0	0.72725650455
17150000.0	17250000.0	0.897786030975
17300000.0	17400000.0	0.888987681224
17500000.0	17600000.0	0.812871423996
17650000.0	17750000.0	0.809814917003
17700000.0	17800000.0	0.847998405078
17800000.0	17900000.0	0.839288462413
17850000.0	17950000.0	0.847049125581
17900000.0	18000000.0	0.792916240559
17950000.0	18050000.0	0.809170834772
18100000.0	18200000.0	0.778430922044
18200000.0	18300000.0	0.890504481976
18450000.0	18550000.0	0.783664147704
18500000.0	18600000.0	0.789804079998
18700000.0	18800000.0	0.817411748951
18850000.0	18950000.0	0.849759701592
18900000.0	19000000.0	0.799079007083
19000000.0	19100000.0	0.793291237641
19050000.0	19150000.0	0.783373062049
19350000.0	19450000.0	0.819339008894
19850000.0	19950000.0	0.837590113356
19900000.0	20000000.0	0.815298624288
20350000.0	20450000.0	0.695066775126
20650000.0	20750000.0	0.800185176689
20850000.0	20950000.0	0.887706259075
20900000.0	21000000.0	0.83441299599
20950000.0	21050000.0	0.87527684456
21150000.0	21250000.0	0.878408828166
21200000.0	21300000.0	0.742860254947
21350000.0	21450000.0	0.856831370068
21450000.0	21550000.0	0.862809190982
21500000.0	21600000.0	0.862878065194
21550000.0	21650000.0	0.882203361764
21650000.0	21750000.0	0.766313933291
21750000.0	21850000.0	0.825507474656
22100000.0	22200000.0	0.884695282018
22150000.0	22250000.0	0.879561784383
22200000.0	22300000.0	0.870415549906
22250000.0	22350000.0	0.897120747021
22350000.0	22450000.0	0.888632180337
22500000.0	22600000.0	0.896127488043
22550000.0	22650000.0	0.898362393472
23000000.0	23100000.0	0.712949580507
23200000.0	23300000.0	0.850614813339
23250000.0	23350000.0	0.848972408904
23350000.0	23450000.0	0.656302192718
23450000.0	23550000.0	0.742467762217
23500000.0	23600000.0	0.851754773126
23550000.0	23650000.0	0.840721445967
23650000.0	23750000.0	0.859016420363
23700000.0	23800000.0	0.879531565656
23800000.0	23900000.0	0.865681928447
23850000.0	23950000.0	0.86034492912
24000000.0	24100000.0	0.887445754496
24100000.0	24200000.0	0.89845313285
24150000.0	24250000.0	0.891196819889
24250000.0	24350000.0	0.864253341971
24300000.0	24400000.0	0.755180394602
24350000.0	24450000.0	0.866253616228
24450000.0	24550000.0	0.818984975013
24600000.0	24700000.0	0.821923666395
24850000.0	24950000.0	0.829283705026
25250000.0	25350000.0	0.894294883621
25400000.0	25500000.0	0.866750260439
25600000.0	25700000.0	0.867437945815
25700000.0	25800000.0	0.880576041543
25850000.0	25950000.0	0.843503245957
25900000.0	26000000.0	0.869928716096
26300000.0	26400000.0	0.839748701266
26350000.0	26450000.0	0.784595002671
26600000.0	26700000.0	0.896080375215
26750000.0	26850000.0	0.831625475807
26800000.0	26900000.0	0.880836707241
27000000.0	27100000.0	0.842352501706
27200000.0	27300000.0	0.871060319158
27350000.0	27450000.0	0.886530502849
27500000.0	27600000.0	0.899048981942
27550000.0	27650000.0	0.880890117103
27700000.0	27800000.0	0.857835231322
27900000.0	28000000.0	0.893868227378
27950000.0	28050000.0	0.876401105885
28100000.0	28200000.0	0.850610195236
28500000.0	28600000.0	0.874523001201
28550000.0	28650000.0	0.878448063074
28600000.0	28700000.0	0.645551510464
28700000.0	28800000.0	0.87606657485
28750000.0	28850000.0	0.847753592397
28800000.0	28900000.0	0.886545510914
28850000.0	28950000.0	0.749582438259
28900000.0	29000000.0	0.891831162415
28950000.0	29050000.0	0.686938043685
29000000.0	29100000.0	0.866329417522
29100000.0	29200000.0	0.760145548778
29500000.0	29600000.0	0.865290560804
29700000.0	29800000.0	0.889786497058
29900000.0	30000000.0	0.849534566144
29950000.0	30050000.0	0.851167575314
30050000.0	30150000.0	0.825255988125
30150000.0	30250000.0	0.683960060463
30250000.0	30350000.0	0.891903680518
30400000.0	30500000.0	0.890047657979
30550000.0	30650000.0	0.847885908667
30800000.0	30900000.0	0.87673818792
30850000.0	30950000.0	0.879981340602
31050000.0	31150000.0	0.898852214753
31150000.0	31250000.0	0.640988255416
31200000.0	31300000.0	0.647775961017
31250000.0	31350000.0	0.611624501883
31300000.0	31400000.0	0.764044280082
32600000.0	32700000.0	0.789890860031
33100000.0	33200000.0	0.862933173278
33200000.0	33300000.0	0.83671603693
33450000.0	33550000.0	0.898663555401
33600000.0	33700000.0	0.887418197921
33750000.0	33850000.0	0.891770320964
33850000.0	33950000.0	0.709912183577
33900000.0	34000000.0	0.691696336187
34000000.0	34100000.0	0.893686308213
34050000.0	34150000.0	0.889522911029
34150000.0	34250000.0	0.827872217459
34200000.0	34300000.0	0.824674584225
34500000.0	34600000.0	0.181357132733
34550000.0	34650000.0	0.637394544735
34600000.0	34700000.0	0.880877692872
34700000.0	34800000.0	0.650556317208
34750000.0	34850000.0	0.787381725882
34800000.0	34900000.0	0.511791340371
34850000.0	34950000.0	0.0
34900000.0	35000000.0	0.0
34950000.0	35050000.0	0.0
35000000.0	35100000.0	0.0
35050000.0	35150000.0	0.0
35100000.0	35200000.0	0.0
35150000.0	35250000.0	0.0
35200000.0	35300000.0	0.0
35250000.0	35350000.0	0.0
35300000.0	35400000.0	0.0
35350000.0	35450000.0	0.0
35400000.0	35500000.0	0.0
35450000.0	35550000.0	0.0
35500000.0	35600000.0	0.0
35550000.0	35650000.0	0.0
35600000.0	35700000.0	0.0
35650000.0	35750000.0	0.0
35700000.0	35800000.0	0.0
35750000.0	35850000.0	0.0
35800000.0	35900000.0	0.0
35850000.0	35950000.0	0.0
35900000.0	36000000.0	0.0
35950000.0	36050000.0	0.0
36000000.0	36100000.0	0.0
36050000.0	36150000.0	0.0
36100000.0	36200000.0	0.0
36150000.0	36250000.0	0.0
36200000.0	36300000.0	0.0
36250000.0	36350000.0	0.0
36300000.0	36400000.0	0.0
36350000.0	36450000.0	0.0
36400000.0	36500000.0	0.0
36450000.0	36550000.0	0.0
36500000.0	36600000.0	0.0
36550000.0	36650000.0	0.0
36600000.0	36700000.0	0.0
36650000.0	36750000.0	0.0
36700000.0	36800000.0	0.0
36750000.0	36850000.0	0.0
36800000.0	36900000.0	0.0
36850000.0	36950000.0	0.0
36900000.0	37000000.0	0.0
36950000.0	37050000.0	0.0
37000000.0	37100000.0	0.0
37050000.0	37150000.0	0.0
37100000.0	37200000.0	0.0
37150000.0	37250000.0	0.0
37200000.0	37300000.0	0.0
37250000.0	37350000.0	0.0
37300000.0	37400000.0	0.0
37350000.0	37450000.0	0.0
37400000.0	37500000.0	0.0
37450000.0	37550000.0	0.0
37500000.0	37600000.0	0.0
37550000.0	37650000.0	0.0
37600000.0	37700000.0	0.0
37650000.0	37750000.0	0.0
37700000.0	37800000.0	0.0
37750000.0	37850000.0	0.0
37800000.0	37900000.0	0.282307502256
37850000.0	37950000.0	0.708795940482
37900000.0	38000000.0	0.868176648408
38000000.0	38100000.0	0.872485989006
38150000.0	38250000.0	0.859417330817
38200000.0	38300000.0	0.863061354874
38300000.0	38400000.0	0.765112629483
38400000.0	38500000.0	0.673974387011
38450000.0	38550000.0	0.886260710457
38550000.0	38650000.0	0.8791728208
38600000.0	38700000.0	0.888578048096
38650000.0	38750000.0	0.888643404491
39100000.0	39200000.0	0.898191430108
39150000.0	39250000.0	0.810525296487
39300000.0	39400000.0	0.737571003945
39350000.0	39450000.0	0.845492524681
39400000.0	39500000.0	0.791376247083
39500000.0	39600000.0	0.861950470424
39550000.0	39650000.0	0.887574821591
39700000.0	39800000.0	0.872129438443
39850000.0	39950000.0	0.82098077258
40000000.0	40100000.0	0.844484409214
40050000.0	40150000.0	0.858093545232
40100000.0	40200000.0	0.847836662033
40150000.0	40250000.0	0.718057866644
40300000.0	40400000.0	0.757905389718
40350000.0	40450000.0	0.886055624804
40450000.0	40550000.0	0.869122299615
40500000.0	40600000.0	0.732707922252
40650000.0	40750000.0	0.899907702904
40700000.0	40800000.0	0.788767084585
40800000.0	40900000.0	0.78462499703
40850000.0	40950000.0	0.715094503117
40900000.0	41000000.0	0.860430683994
41050000.0	41150000.0	0.648783077246
41150000.0	41250000.0	0.884669067832
41350000.0	41450000.0	0.798384331206
41450000.0	41550000.0	0.855151510972
41500000.0	41600000.0	0.826170588941
41750000.0	41850000.0	0.82952144258
41800000.0	41900000.0	0.895039368183
41900000.0	42000000.0	0.725914628191
41950000.0	42050000.0	0.820382811976
42000000.0	42100000.0	0.753626207411
42050000.0	42150000.0	0.844823987938
42300000.0	42400000.0	0.722882235384
42350000.0	42450000.0	0.856743788762
42400000.0	42500000.0	0.886075003347
42550000.0	42650000.0	0.86064441366
43250000.0	43350000.0	0.813992756859
43450000.0	43550000.0	0.4680749971
43550000.0	43650000.0	0.861990268241
43600000.0	43700000.0	0.760952129712
43900000.0	44000000.0	0.879987264311
44400000.0	44500000.0	0.802544235792
44450000.0	44550000.0	0.84410910183
44500000.0	44600000.0	0.890952827252
44550000.0	44650000.0	0.855624909079
44600000.0	44700000.0	0.86734144839
44750000.0	44850000.0	0.884248939857
44850000.0	44950000.0	0.852524821946
44900000.0	45000000.0	0.857232460043
45000000.0	45100000.0	0.831328184743
45050000.0	45150000.0	0.897626989552
45100000.0	45200000.0	0.788737568791
45150000.0	45250000.0	0.822129089792
45250000.0	45350000.0	0.813365412386
45300000.0	45400000.0	0.825988119846
45450000.0	45550000.0	0.896553856538
45500000.0	45600000.0	0.868110099762
45700000.0	45800000.0	0.795002293124
45800000.0	45900000.0	0.815051517536
46050000.0	46150000.0	0.835938196052
46100000.0	46200000.0	0.698326814545
46300000.0	46400000.0	0.872658563492
46350000.0	46450000.0	0.885973614764
46500000.0	46600000.0	0.847769723823
46600000.0	46700000.0	0.874561638048
46750000.0	46850000.0	0.717128331555
46800000.0	46900000.0	0.811630662932
46950000.0	47050000.0	0.885658520782
47050000.0	47150000.0	0.789075502333
47300000.0	47400000.0	0.802124016877
47350000.0	47450000.0	0.890095888562
47500000.0	47600000.0	0.867657509489
47750000.0	47850000.0	0.836559094992
47800000.0	47900000.0	0.82244477751
48100000.0	48200000.0	0.750170069975
48650000.0	48750000.0	0.885123486955
48700000.0	48800000.0	0.810079310395
48750000.0	48850000.0	0.851956813888
48900000.0	49000000.0	0.884848252672
48950000.0	49050000.0	0.885842521685
49450000.0	49550000.0	0.872514733088
49950000.0	50050000.0	0.757186764758
50050000.0	50150000.0	0.763102286925
50350000.0	50450000.0	0.789128587227
50450000.0	50550000.0	0.875088906227
51750000.0	51850000.0	0.888134192929
51900000.0	52000000.0	0.840422992135
51950000.0	52050000.0	0.845879100374
52050000.0	52150000.0	0.893783388393
52200000.0	52300000.0	0.889348507197
52300000.0	52400000.0	0.88948601021
52450000.0	52550000.0	0.870289770321
52600000.0	52700000.0	0.877809549859
52700000.0	52800000.0	0.899296605014
53000000.0	53100000.0	0.899720190455
53050000.0	53150000.0	0.847407045438
54350000.0	54450000.0	0.14141449404
54400000.0	54500000.0	0.518903952334
54450000.0	54550000.0	0.685603455921
54950000.0	55050000.0	0.872733122633
55000000.0	55100000.0	0.847472537611
55100000.0	55200000.0	0.864108750143
55150000.0	55250000.0	0.810932109427
55200000.0	55300000.0	0.856800239231
55250000.0	55350000.0	0.644113680633
55400000.0	55500000.0	0.881836748649
55450000.0	55550000.0	0.714701296642
55500000.0	55600000.0	0.885731759002
55550000.0	55650000.0	0.890538227037
55600000.0	55700000.0	0.889126135563
55800000.0	55900000.0	0.827303707352
55850000.0	55950000.0	0.804290924077
55900000.0	56000000.0	0.803142351285
55950000.0	56050000.0	0.824512702777
57250000.0	57350000.0	0.83281657013
57300000.0	57400000.0	0.866062977338
57350000.0	57450000.0	0.894582402105
58000000.0	58100000.0	0.649380826186
58250000.0	58350000.0	0.878539125986
58400000.0	58500000.0	0.840507726947
58450000.0	58550000.0	0.88585710653
58600000.0	58700000.0	0.824669392869
58650000.0	58750000.0	0.894639563695
58700000.0	58800000.0	0.854766127246
58800000.0	58900000.0	0.830680882978
58850000.0	58950000.0	0.881850320491
59150000.0	59250000.0	0.748664715112
59200000.0	59300000.0	0.877303843443
59300000.0	59400000.0	0.899343710852
59350000.0	59450000.0	0.897873726123
59400000.0	59500000.0	0.776663712526
59550000.0	59650000.0	0.882477482853
59600000.0	59700000.0	0.862286009637
59650000.0	59750000.0	0.81790228144
59700000.0	59800000.0	0.827764752042
59800000.0	59900000.0	0.639410229074
59850000.0	59950000.0	0.845260626175
60050000.0	60150000.0	0.673952724126
60100000.0	60200000.0	0.642433424871
60300000.0	60400000.0	0.758041922493
60450000.0	60550000.0	0.852145684302
60550000.0	60650000.0	0.770199804271
60600000.0	60700000.0	0.782958722867
60700000.0	60800000.0	0.889365125913
60750000.0	60850000.0	0.812065765956
61000000.0	61100000.0	0.844775506258
61050000.0	61150000.0	0.84103134545
61100000.0	61200000.0	0.889001901157
61150000.0	61250000.0	0.830895332018
61450000.0	61550000.0	0.871459645745
61500000.0	61600000.0	0.883974745325
61550000.0	61650000.0	0.825528464185
61650000.0	61750000.0	0.863240769429
61700000.0	61800000.0	0.863792318268
61750000.0	61850000.0	0.893318770311
61800000.0	61900000.0	0.87984359184
61900000.0	62000000.0	0.842083572651
61950000.0	62050000.0	0.83510087618
62000000.0	62100000.0	0.877310328206
62100000.0	62200000.0	0.880062911553
62150000.0	62250000.0	0.839998966656
62250000.0	62350000.0	0.837481399594
62550000.0	62650000.0	0.863489396439
62650000.0	62750000.0	0.834124252271
62700000.0	62800000.0	0.757096542141
62800000.0	62900000.0	0.857853697167
63200000.0	63300000.0	0.857841372598
63250000.0	63350000.0	0.872474558522
63300000.0	63400000.0	0.842256820601
63400000.0	63500000.0	0.736257934079
63500000.0	63600000.0	0.889927808602
63550000.0	63650000.0	0.853095229487
63600000.0	63700000.0	0.880835196389
63650000.0	63750000.0	0.847174028635
63700000.0	63800000.0	0.728064735566
63750000.0	63850000.0	0.862973491749
63800000.0	63900000.0	0.88085506577
63850000.0	63950000.0	0.887895206607
63900000.0	64000000.0	0.677329573
63950000.0	64050000.0	0.609528016054
64000000.0	64100000.0	0.636871138748
64050000.0	64150000.0	0.714033141105
64100000.0	64200000.0	0.878403132723
64350000.0	64450000.0	0.891856161502
64400000.0	64500000.0	0.845670505974
64450000.0	64550000.0	0.85044042943
64500000.0	64600000.0	0.848460123079
65150000.0	65250000.0	0.894659700575
65200000.0	65300000.0	0.874909758823
65250000.0	65350000.0	0.884202790677
65300000.0	65400000.0	0.869070097741
65400000.0	65500000.0	0.847157373779
65450000.0	65550000.0	0.77834594718
65500000.0	65600000.0	0.893735010197
65650000.0	65750000.0	0.864538452949
65700000.0	65800000.0	0.68486089208
65750000.0	65850000.0	0.840899633969
65900000.0	66000000.0	0.51225112113
65950000.0	66050000.0	0.827701181764
66250000.0	66350000.0	0.895679801292
66650000.0	66750000.0	0.847294631416
66700000.0	66800000.0	0.890948172396
66850000.0	66950000.0	0.824887210445
66900000.0	67000000.0	0.867851045522
66950000.0	67050000.0	0.881328107532
67300000.0	67400000.0	0.80425939119
67350000.0	67450000.0	0.813865338941
67500000.0	67600000.0	0.859876137897
67550000.0	67650000.0	0.740054604686
67600000.0	67700000.0	0.757999015113
67850000.0	67950000.0	0.842634747985
68000000.0	68100000.0	0.866555322002
68050000.0	68150000.0	0.817014034245
68150000.0	68250000.0	0.796559234145
68200000.0	68300000.0	0.855683029775
68250000.0	68350000.0	0.871221736247
68300000.0	68400000.0	0.882264554251
68350000.0	68450000.0	0.8644220972
68700000.0	68800000.0	0.829622219254
69300000.0	69400000.0	0.896318025827
69400000.0	69500000.0	0.857229407525
69450000.0	69550000.0	0.749610754884
69650000.0	69750000.0	0.737721651497
70100000.0	70200000.0	0.85169767174
70150000.0	70250000.0	0.834678759486
70250000.0	70350000.0	0.879150586932
70350000.0	70450000.0	0.888451845631
70400000.0	70500000.0	0.878982058157
70550000.0	70650000.0	0.825862702309
71000000.0	71100000.0	0.750882128955
71150000.0	71250000.0	0.860857057948
71250000.0	71350000.0	0.879947389384
71300000.0	71400000.0	0.890885890626
71350000.0	71450000.0	0.706404637545
71450000.0	71550000.0	0.582972175366
71500000.0	71600000.0	0.889699441763
71850000.0	71950000.0	0.744937547982
72100000.0	72200000.0	0.881007236189
72450000.0	72550000.0	0.820058898225
72500000.0	72600000.0	0.855995035964
72650000.0	72750000.0	0.296931843025
72700000.0	72800000.0	0.750555034987
72750000.0	72850000.0	0.891574660158
72850000.0	72950000.0	0.835096890877
72900000.0	73000000.0	0.856745005254
72950000.0	73050000.0	0.852684452598
73000000.0	73100000.0	0.646541711347
73150000.0	73250000.0	0.850356883081
73350000.0	73450000.0	0.667081812346
73500000.0	73600000.0	0.617345100599
73650000.0	73750000.0	0.787556541256
73700000.0	73800000.0	0.885464833557
73850000.0	73950000.0	0.887031995499
73950000.0	74050000.0	0.876943502552
74050000.0	74150000.0	0.831556416771
74200000.0	74300000.0	0.811986986868
74300000.0	74400000.0	0.796726612527
74600000.0	74700000.0	0.862417867701
74800000.0	74900000.0	0.810031040056
75200000.0	75300000.0	0.892783386866
75250000.0	75350000.0	0.886260953151
75300000.0	75400000.0	0.775040655221
75350000.0	75450000.0	0.767026323751
75450000.0	75550000.0	0.866942126986
75550000.0	75650000.0	0.719801964959
75650000.0	75750000.0	0.837936685597
75700000.0	75800000.0	0.822604067415
75750000.0	75850000.0	0.730287936663
75900000.0	76000000.0	0.874994720162
76050000.0	76150000.0	0.842297860757
76200000.0	76300000.0	0.655648125905
76700000.0	76800000.0	0.883329323863
77200000.0	77300000.0	0.857001764908
77300000.0	77400000.0	0.878180726043
77350000.0	77450000.0	0.861695911256
77550000.0	77650000.0	0.840378083091
77600000.0	77700000.0	0.867727974551
77700000.0	77800000.0	0.882579053387
77750000.0	77850000.0	0.854295296875
77800000.0	77900000.0	0.852326348194
77950000.0	78050000.0	0.88011336578
78000000.0	78100000.0	0.84774323686
78300000.0	78400000.0	0.735935391845
78400000.0	78500000.0	0.770287655674
78550000.0	78650000.0	0.755304129249
78600000.0	78700000.0	0.878420657525
78750000.0	78850000.0	0.861420703778
78800000.0	78900000.0	0.715772436258
78950000.0	79050000.0	0.48734934378
79100000.0	79200000.0	0.860047367066
79300000.0	79400000.0	0.88463431456
79400000.0	79500000.0	0.842231215766
79500000.0	79600000.0	0.820483447776
79750000.0	79850000.0	0.868931045516
79800000.0	79900000.0	0.761353730322
80400000.0	80500000.0	0.559227330328
80450000.0	80550000.0	0.687893180493
80500000.0	80600000.0	0.865077100506
80600000.0	80700000.0	0.84441607997
80750000.0	80850000.0	0.792612252032
80800000.0	80900000.0	0.619425408796
80850000.0	80950000.0	0.823901464962
80900000.0	81000000.0	0.859312470886
81050000.0	81150000.0	0.07446166666
81100000.0	81200000.0	0.545337837136
81150000.0	81250000.0	0.698600255449
81250000.0	81350000.0	0.805988857642
81300000.0	81400000.0	0.76514242456
81350000.0	81450000.0	0.833087659157
81400000.0	81500000.0	0.66204024239
81600000.0	81700000.0	0.872704751455
81750000.0	81850000.0	0.604563491356
81800000.0	81900000.0	0.662585163032
81850000.0	81950000.0	0.776851428957
82000000.0	82100000.0	0.827769425947
82450000.0	82550000.0	0.617098890708
82550000.0	82650000.0	0.847496591197
82600000.0	82700000.0	0.831068734989
82650000.0	82750000.0	0.886864786983
82800000.0	82900000.0	0.815849508065
82900000.0	83000000.0	0.813655623802
83000000.0	83100000.0	0.848250669692
83100000.0	83200000.0	0.899302921976
83350000.0	83450000.0	0.853310885642
83450000.0	83550000.0	0.869045228191
83550000.0	83650000.0	0.770835565192
83850000.0	83950000.0	0.508922213381
83900000.0	84000000.0	0.872061110441
83950000.0	84050000.0	0.889838847448
84050000.0	84150000.0	0.779977341581
84150000.0	84250000.0	0.850954706166
84200000.0	84300000.0	0.80035952681
84250000.0	84350000.0	0.891804909829
84350000.0	84450000.0	0.847746191545
84450000.0	84550000.0	0.87580459997
84600000.0	84700000.0	0.755249557984
84650000.0	84750000.0	0.810862420707
84750000.0	84850000.0	0.888834997046
84900000.0	85000000.0	0.59935359952
85050000.0	85150000.0	0.892908115173
85100000.0	85200000.0	0.715793825283
85250000.0	85350000.0	0.867784433465
85450000.0	85550000.0	0.849395601944
85500000.0	85600000.0	0.845897059982
85550000.0	85650000.0	0.881074947248
85600000.0	85700000.0	0.844790363352
85650000.0	85750000.0	0.462028889057
85700000.0	85800000.0	0.877655813012
85950000.0	86050000.0	0.793592723967
86000000.0	86100000.0	0.772778824173
86100000.0	86200000.0	0.859073315648
86350000.0	86450000.0	0.886892539194
86400000.0	86500000.0	0.843113284057
86500000.0	86600000.0	0.853236836052
86650000.0	86750000.0	0.840948169651
86850000.0	86950000.0	0.876340880095
86950000.0	87050000.0	0.870434617808
87050000.0	87150000.0	0.768529594083
87150000.0	87250000.0	0.890001813291
87300000.0	87400000.0	0.832349879195
87350000.0	87450000.0	0.863131205255
87400000.0	87500000.0	0.869980000309
87450000.0	87550000.0	0.816442749586
87550000.0	87650000.0	0.797052835861
87700000.0	87800000.0	0.872563238788
87900000.0	88000000.0	0.889280197589
87950000.0	88050000.0	0.88641078541
88000000.0	88100000.0	0.742022564923
88050000.0	88150000.0	0.800405107691
88250000.0	88350000.0	0.77020160202
88300000.0	88400000.0	0.8997679177
88350000.0	88450000.0	0.808138110096
88500000.0	88600000.0	0.891251220615
88700000.0	88800000.0	0.79766415199
88750000.0	88850000.0	0.832152120225
88900000.0	89000000.0	0.779833274887
89050000.0	89150000.0	0.81491956516
89150000.0	89250000.0	0.789893148888
89350000.0	89450000.0	0.781238306461
89400000.0	89500000.0	0.71594816685
89450000.0	89550000.0	0.713953879261
89550000.0	89650000.0	0.854270984252
89600000.0	89700000.0	0.852504614215
90150000.0	90250000.0	0.863884262413
90250000.0	90350000.0	0.878118781316
90350000.0	90450000.0	0.885464370985
90500000.0	90600000.0	0.87108745444
90550000.0	90650000.0	0.529131877751
90750000.0	90850000.0	0.898662929599
90850000.0	90950000.0	0.722515494376
90900000.0	91000000.0	0.897676154071
90950000.0	91050000.0	0.767775679239
91000000.0	91100000.0	0.879109545995
91050000.0	91150000.0	0.876294656285
91150000.0	91250000.0	0.881182034475
91200000.0	91300000.0	0.826406106769
91300000.0	91400000.0	0.791841356625
91450000.0	91550000.0	0.841302652266
91700000.0	91800000.0	0.857001027999
92000000.0	92100000.0	0.803762143007
92050000.0	92150000.0	0.72246692901
92650000.0	92750000.0	0.842403331397
92700000.0	92800000.0	0.85491354973
92750000.0	92850000.0	0.787175278539
92850000.0	92950000.0	0.411020932535
92950000.0	93050000.0	0.87793007996
93000000.0	93100000.0	0.783117318808
93050000.0	93150000.0	0.854938152939
94150000.0	94250000.0	0.852868071793
94250000.0	94350000.0	0.820419654339
94350000.0	94450000.0	0.880415000022
94500000.0	94600000.0	0.874459999767
94550000.0	94650000.0	0.758473021136
94700000.0	94800000.0	0.899354097199
95200000.0	95300000.0	0.809933108275
95650000.0	95750000.0	0.87070497985
96100000.0	96200000.0	0.894145766732
96150000.0	96250000.0	0.879217225094
96250000.0	96350000.0	0.775106661447
96300000.0	96400000.0	0.898564303933
96400000.0	96500000.0	0.888028220725
96600000.0	96700000.0	0.882777517365
96950000.0	97050000.0	0.889772299466
97000000.0	97100000.0	0.881043935699
97100000.0	97200000.0	0.817601908915
97150000.0	97250000.0	0.834312080844
97200000.0	97300000.0	0.899491299383
97350000.0	97450000.0	0.897159442636
97450000.0	97550000.0	0.894571856653
97650000.0	97750000.0	0.897429725183
97700000.0	97800000.0	0.869565565097
97750000.0	97850000.0	0.892498550852
97850000.0	97950000.0	0.757479683358
97950000.0	98050000.0	0.645444677389
98000000.0	98100000.0	0.88277074813
98050000.0	98150000.0	0.839798251937
98100000.0	98200000.0	0.886123977832
98150000.0	98250000.0	0.883791930208
98400000.0	98500000.0	0.884863937869
98450000.0	98550000.0	0.646274642665
98750000.0	98850000.0	0.887967309317
99100000.0	99200000.0	0.887992291699
99250000.0	99350000.0	0.752718253381
99500000.0	99600000.0	0.887384240235
99600000.0	99700000.0	0.882621457435
99750000.0	99850000.0	0.78516548037
100000000.0	100100000.0	0.894847872382
100100000.0	100200000.0	0.874832101282
100150000.0	100250000.0	0.871145359141
100200000.0	100300000.0	0.894287342303
101400000.0	101500000.0	0.803790754078
101450000.0	101550000.0	0.877071172879
101500000.0	101600000.0	0.778342840641
101550000.0	101650000.0	0.764273245756
101600000.0	101700000.0	0.867580229669
102600000.0	102700000.0	0.85039424857
102650000.0	102750000.0	0.791593881071
102750000.0	102850000.0	0.848231757948
102850000.0	102950000.0	0.683210765208
102900000.0	103000000.0	0.792607862735
103150000.0	103250000.0	0.800941538307
103200000.0	103300000.0	0.873805397575
103400000.0	103500000.0	0.815864595542
103600000.0	103700000.0	0.881725571565
103650000.0	103750000.0	0.895461511308
103700000.0	103800000.0	0.832652837293
103800000.0	103900000.0	0.813691675516
103950000.0	104050000.0	0.748888880005
104100000.0	104200000.0	0.767225568334
104900000.0	105000000.0	0.473051814328
105000000.0	105100000.0	0.8936544118
105050000.0	105150000.0	0.871898739894
105150000.0	105250000.0	0.896215384
105500000.0	105600000.0	0.84694681184
105550000.0	105650000.0	0.868120241289
105600000.0	105700000.0	0.891742873348
105800000.0	105900000.0	0.895283568141
105950000.0	106050000.0	0.730751575242
106100000.0	106200000.0	0.741769274648
106250000.0	106350000.0	0.824277569157
106500000.0	106600000.0	0.790951425458
106550000.0	106650000.0	0.89570857309
106700000.0	106800000.0	0.883540740584
106850000.0	106950000.0	0.80598789675
106900000.0	107000000.0	0.840017982123
107050000.0	107150000.0	0.827653813842
107150000.0	107250000.0	0.852587382481
107250000.0	107350000.0	0.830800526035
107550000.0	107650000.0	0.885571833768
107850000.0	107950000.0	0.852064805941
107900000.0	108000000.0	0.885977728286
107950000.0	108050000.0	0.85681391896
108000000.0	108100000.0	0.822595804264
108050000.0	108150000.0	0.886761074705
108150000.0	108250000.0	0.850396739059
108400000.0	108500000.0	0.834276669753
108650000.0	108750000.0	0.781325696792
108700000.0	108800000.0	0.845814486637
108750000.0	108850000.0	0.751019756655
108800000.0	108900000.0	0.887045220885
108850000.0	108950000.0	0.70576334172
109300000.0	109400000.0	0.693188913768
109350000.0	109450000.0	0.33439263846
109400000.0	109500000.0	0.670825580425
110050000.0	110150000.0	0.885863436455
110150000.0	110250000.0	0.785073191486
110200000.0	110300000.0	0.810602319896
111350000.0	111450000.0	0.825689967451
111400000.0	111500000.0	0.805583108826
111650000.0	111750000.0	0.83187283117
113050000.0	113150000.0	0.895798186832
113200000.0	113300000.0	0.890702631925
113400000.0	113500000.0	0.874767575125
113500000.0	113600000.0	0.881221113958
113550000.0	113650000.0	0.796199370482
113900000.0	114000000.0	0.730220020245
113950000.0	114050000.0	0.877109712875
114150000.0	114250000.0	0.792239356828
114200000.0	114300000.0	0.877605738888
114300000.0	114400000.0	0.885580050911
114550000.0	114650000.0	0.612289300583
114600000.0	114700000.0	0.772821030961
114700000.0	114800000.0	0.88012177942
114800000.0	114900000.0	0.881464834158
114850000.0	114950000.0	0.881640861116
115100000.0	115200000.0	0.623227264936
115600000.0	115700000.0	0.655866337198
115650000.0	115750000.0	0.89594049888
115700000.0	115800000.0	0.852838461396
115850000.0	115950000.0	0.706863054588
115900000.0	116000000.0	0.878569373176
116000000.0	116100000.0	0.837379409209
116150000.0	116250000.0	0.762478977347
116450000.0	116550000.0	0.805100377544
116500000.0	116600000.0	0.89388241853
116550000.0	116650000.0	0.792572433361
117250000.0	117350000.0	0.847220915241
117800000.0	117900000.0	0.800836083659
117900000.0	118000000.0	0.734066788432
118000000.0	118100000.0	0.892111109336
118100000.0	118200000.0	0.790586728732
118150000.0	118250000.0	0.846372685493
119250000.0	119350000.0	0.865073058736
119300000.0	119400000.0	0.885868712741
119750000.0	119850000.0	0.815518735614
119950000.0	120050000.0	0.891410868837
120900000.0	121000000.0	0.889504816164
122450000.0	122550000.0	0.76390573811
122500000.0	122600000.0	0.401062787601
122550000.0	122650000.0	0.630134331025
123150000.0	123250000.0	0.876340109166
123350000.0	123450000.0	0.895073901175
123750000.0	123850000.0	0.898104349569
125000000.0	125100000.0	0.872678140175
125950000.0	126050000.0	0.861808908586
126050000.0	126150000.0	0.802595736968
126250000.0	126350000.0	0.859453272538
126650000.0	126750000.0	0.885154496862
126700000.0	126800000.0	0.731048143138
126750000.0	126850000.0	0.899178138368
126850000.0	126950000.0	0.837363074139
126950000.0	127050000.0	0.840757121645
127150000.0	127250000.0	0.806528451738
127750000.0	127850000.0	0.882125292687
128250000.0	128350000.0	0.89674812542
128850000.0	128950000.0	0.866171550424
129200000.0	129300000.0	0.743714277454
129450000.0	129550000.0	0.882661496866
129500000.0	129600000.0	0.850062757032
129550000.0	129650000.0	0.729313363901
129850000.0	129950000.0	0.887066096163
130200000.0	130300000.0	0.868029585381
130250000.0	130350000.0	0.861473155334
130300000.0	130400000.0	0.723552751722
130650000.0	130750000.0	0.874273112151
130800000.0	130900000.0	0.750130326111
130900000.0	131000000.0	0.883280059469
131050000.0	131150000.0	0.881967162984
131100000.0	131200000.0	0.876804032593
131300000.0	131400000.0	0.85820577685
131450000.0	131550000.0	0.830676470387
131700000.0	131800000.0	0.846408904059
131750000.0	131850000.0	0.842767390686
131900000.0	132000000.0	0.869659688621
132050000.0	132150000.0	0.883680844904
132100000.0	132200000.0	0.815832770744
132200000.0	132300000.0	0.866923871685
132400000.0	132500000.0	0.877107149043
132550000.0	132650000.0	0.882019949553
132650000.0	132750000.0	0.560019572907
132700000.0	132800000.0	0.0494049962939
132750000.0	132850000.0	0.318152716328
132800000.0	132900000.0	0.800666879558
132850000.0	132950000.0	0.883924598197
132900000.0	133000000.0	0.865199476927
133300000.0	133400000.0	0.874398753355
