start	end	avg.score
0.0	100000.0	0.107829790095
50000.0	150000.0	0.215296587968
100000.0	200000.0	0.169252488631
150000.0	250000.0	0.149165249334
200000.0	300000.0	0.525916041021
350000.0	450000.0	0.896665373144
800000.0	900000.0	0.871075080464
5950000.0	6050000.0	0.880536064602
6950000.0	7050000.0	0.791509514193
7000000.0	7100000.0	0.721434410589
7250000.0	7350000.0	0.725420861405
7300000.0	7400000.0	0.276769213518
7350000.0	7450000.0	0.514486559785
7700000.0	7800000.0	0.897428584705
8250000.0	8350000.0	0.892449264496
8300000.0	8400000.0	0.848070463283
8350000.0	8450000.0	0.898641306759
8600000.0	8700000.0	0.850561767369
8650000.0	8750000.0	0.458142340166
8700000.0	8800000.0	0.612808342905
8800000.0	8900000.0	0.598671303837
8850000.0	8950000.0	0.566503475123
9000000.0	9100000.0	0.892320505364
9050000.0	9150000.0	0.703521194386
9250000.0	9350000.0	0.899850008565
13200000.0	13300000.0	0.821256458806
13950000.0	14050000.0	0.859537587597
14250000.0	14350000.0	0.898608322399
14300000.0	14400000.0	0.866762142435
15350000.0	15450000.0	0.636420556208
15800000.0	15900000.0	0.886935585201
16950000.0	17050000.0	0.865679348302
17000000.0	17100000.0	0.831979190699
18550000.0	18650000.0	0.840584304604
18600000.0	18700000.0	0.898640893281
19050000.0	19150000.0	0.87838567253
20200000.0	20300000.0	0.876010559122
20250000.0	20350000.0	0.879402087156
20450000.0	20550000.0	0.634731369531
20500000.0	20600000.0	0.28546961496
20550000.0	20650000.0	0.631949009217
20950000.0	21050000.0	0.885517720715
21050000.0	21150000.0	0.757916305137
21700000.0	21800000.0	0.891594091934
22500000.0	22600000.0	0.883839572248
22550000.0	22650000.0	0.892571877401
22650000.0	22750000.0	0.87367446553
22700000.0	22800000.0	0.894941365727
22750000.0	22850000.0	0.864160514529
22800000.0	22900000.0	0.880090582762
23050000.0	23150000.0	0.887561353354
23550000.0	23650000.0	0.88830841039
23700000.0	23800000.0	0.876143198132
24250000.0	24350000.0	0.897857426061
24400000.0	24500000.0	0.822674053497
24500000.0	24600000.0	0.8875973453
24550000.0	24650000.0	0.444791774165
24600000.0	24700000.0	0.070191095375
24650000.0	24750000.0	0.0
24700000.0	24800000.0	0.0
24750000.0	24850000.0	0.0
24800000.0	24900000.0	0.0
24850000.0	24950000.0	0.0
24900000.0	25000000.0	0.0
24950000.0	25050000.0	0.0
25000000.0	25100000.0	0.0
25050000.0	25150000.0	0.0
25100000.0	25200000.0	0.0
25150000.0	25250000.0	0.0
25200000.0	25300000.0	0.0
25250000.0	25350000.0	0.0
25300000.0	25400000.0	0.0
25350000.0	25450000.0	0.0
25400000.0	25500000.0	0.0
25450000.0	25550000.0	0.0
25500000.0	25600000.0	0.0
25550000.0	25650000.0	0.0
25600000.0	25700000.0	0.0
25650000.0	25750000.0	0.0
25700000.0	25800000.0	0.0
25750000.0	25850000.0	0.0
25800000.0	25900000.0	0.0
25850000.0	25950000.0	0.0
25900000.0	26000000.0	0.0
25950000.0	26050000.0	0.0
26000000.0	26100000.0	0.0
26050000.0	26150000.0	0.0
26100000.0	26200000.0	0.0
26150000.0	26250000.0	0.0
26200000.0	26300000.0	0.0
26250000.0	26350000.0	0.0
26300000.0	26400000.0	0.0
26350000.0	26450000.0	0.0
26400000.0	26500000.0	0.0
26450000.0	26550000.0	0.0
26500000.0	26600000.0	0.0
26550000.0	26650000.0	0.0
26600000.0	26700000.0	0.0
26650000.0	26750000.0	0.0
26700000.0	26800000.0	0.0
26750000.0	26850000.0	0.0
26800000.0	26900000.0	0.0
26850000.0	26950000.0	0.0
26900000.0	27000000.0	0.0
26950000.0	27050000.0	0.0
27000000.0	27100000.0	0.0
27050000.0	27150000.0	0.0
27100000.0	27200000.0	0.0
27150000.0	27250000.0	0.0
27200000.0	27300000.0	0.0
27250000.0	27350000.0	0.0
27300000.0	27400000.0	0.0
27350000.0	27450000.0	0.0
27400000.0	27500000.0	0.0
27450000.0	27550000.0	0.0
27500000.0	27600000.0	0.0
27550000.0	27650000.0	0.0
27600000.0	27700000.0	0.0
27650000.0	27750000.0	0.0610349808312
27700000.0	27800000.0	0.512920673839
27850000.0	27950000.0	0.827603738067
28000000.0	28100000.0	0.899960273478
28050000.0	28150000.0	0.867772000955
28100000.0	28200000.0	0.641326098684
28150000.0	28250000.0	0.858196100964
28250000.0	28350000.0	0.727665714033
28600000.0	28700000.0	0.868967394286
28650000.0	28750000.0	0.756935617203
29050000.0	29150000.0	0.839088645301
29200000.0	29300000.0	0.851072283239
29350000.0	29450000.0	0.821634894931
29400000.0	29500000.0	0.883418639631
29500000.0	29600000.0	0.807214800123
29650000.0	29750000.0	0.899738559312
29800000.0	29900000.0	0.774076822078
29900000.0	30000000.0	0.793667300956
30100000.0	30200000.0	0.826452675888
30550000.0	30650000.0	0.880641597395
30600000.0	30700000.0	0.864518490163
30650000.0	30750000.0	0.881844875849
30800000.0	30900000.0	0.545186475392
30850000.0	30950000.0	0.752291818482
31000000.0	31100000.0	0.822838254735
31050000.0	31150000.0	0.764999614989
31350000.0	31450000.0	0.750566955142
31400000.0	31500000.0	0.710964112271
31450000.0	31550000.0	0.896709352548
31500000.0	31600000.0	0.835016490278
31550000.0	31650000.0	0.731308520409
31600000.0	31700000.0	0.859080853769
31650000.0	31750000.0	0.595912721481
31800000.0	31900000.0	0.86978587064
32200000.0	32300000.0	0.462006954281
32450000.0	32550000.0	0.804293763103
32500000.0	32600000.0	0.897581041817
32700000.0	32800000.0	0.897343534734
33300000.0	33400000.0	0.879537955563
33900000.0	34000000.0	0.882088193957
34250000.0	34350000.0	0.751600593992
35050000.0	35150000.0	0.898493467106
35100000.0	35200000.0	0.88569339836
35250000.0	35350000.0	0.820055948298
35300000.0	35400000.0	0.809263395625
36700000.0	36800000.0	0.569097742607
36750000.0	36850000.0	0.545329860615
37500000.0	37600000.0	0.834353260434
37550000.0	37650000.0	0.874231247556
37700000.0	37800000.0	0.646535199367
37750000.0	37850000.0	0.628191899436
38300000.0	38400000.0	0.892408813271
39200000.0	39300000.0	0.865187425556
40100000.0	40200000.0	0.827393454997
40200000.0	40300000.0	0.898419347717
40300000.0	40400000.0	0.821554593749
40350000.0	40450000.0	0.77789706167
40550000.0	40650000.0	0.879603332263
41300000.0	41400000.0	0.849892840165
41350000.0	41450000.0	0.86783912039
42150000.0	42250000.0	0.865847514357
43150000.0	43250000.0	0.80364332784
43200000.0	43300000.0	0.6829366593
43250000.0	43350000.0	0.662077118238
43300000.0	43400000.0	0.705767876126
43350000.0	43450000.0	0.782531849238
43400000.0	43500000.0	0.783827087326
43450000.0	43550000.0	0.758540408014
43500000.0	43600000.0	0.750658194485
43550000.0	43650000.0	0.755343685757
43600000.0	43700000.0	0.764713027513
43650000.0	43750000.0	0.731694671852
43700000.0	43800000.0	0.71431336029
43750000.0	43850000.0	0.801175399444
43800000.0	43900000.0	0.811165658767
43850000.0	43950000.0	0.863783247099
44300000.0	44400000.0	0.88116866437
44700000.0	44800000.0	0.856307982217
44850000.0	44950000.0	0.851408090093
45150000.0	45250000.0	0.791889438498
45600000.0	45700000.0	0.894162101999
48200000.0	48300000.0	0.892107860414
48350000.0	48450000.0	0.548053934306
48400000.0	48500000.0	0.499540933858
48450000.0	48550000.0	0.882155540513
48750000.0	48850000.0	0.880596871905
49450000.0	49550000.0	0.882572672826
49500000.0	49600000.0	0.832343515796
49650000.0	49750000.0	0.882949779908
50150000.0	50250000.0	0.835072940343
50500000.0	50600000.0	0.868374875301
50550000.0	50650000.0	0.452828435556
50600000.0	50700000.0	0.607699450319
50700000.0	50800000.0	0.870381162593
51050000.0	51150000.0	0.697348311734
52250000.0	52350000.0	0.869795728829
52350000.0	52450000.0	0.87519265319
53150000.0	53250000.0	0.878750998329
53650000.0	53750000.0	0.881725304313
53750000.0	53850000.0	0.893684682504
54650000.0	54750000.0	0.751106409489
54700000.0	54800000.0	0.89664265265
55200000.0	55300000.0	0.823039535129
55250000.0	55350000.0	0.81588930913
55300000.0	55400000.0	0.890772628312
55350000.0	55450000.0	0.89649316876
56200000.0	56300000.0	0.832277243329
56250000.0	56350000.0	0.874076644847
56300000.0	56400000.0	0.851648170452
56800000.0	56900000.0	0.882166220507
57050000.0	57150000.0	0.884665182237
57100000.0	57200000.0	0.872593319777
57150000.0	57250000.0	0.855056547189
58300000.0	58400000.0	0.878898418868
