start	end	avg.score
50000.0	150000.0	0.868359121577
100000.0	200000.0	0.89877555545
250000.0	350000.0	0.421078843576
300000.0	400000.0	0.0270406782366
350000.0	450000.0	0.499919465558
400000.0	500000.0	0.882558051347
450000.0	550000.0	0.850946145277
500000.0	600000.0	0.890471287742
900000.0	1000000.0	0.848902342236
1200000.0	1300000.0	0.889276344061
2300000.0	2400000.0	0.885888719026
2600000.0	2700000.0	0.898797801257
2900000.0	3000000.0	0.842224983195
2950000.0	3050000.0	0.812173172132
3000000.0	3100000.0	0.86338769731
3050000.0	3150000.0	0.792256321531
3100000.0	3200000.0	0.788998451526
3150000.0	3250000.0	0.800069788226
3200000.0	3300000.0	0.76833949013
3250000.0	3350000.0	0.89927871204
3350000.0	3450000.0	0.893481841659
4200000.0	4300000.0	0.89264159773
4800000.0	4900000.0	0.891728006351
5000000.0	5100000.0	0.892634499919
5450000.0	5550000.0	0.859921228176
5700000.0	5800000.0	0.814141695947
6000000.0	6100000.0	0.847746807479
6200000.0	6300000.0	0.871161841748
6500000.0	6600000.0	0.823794860411
7750000.0	7850000.0	0.796281421636
10250000.0	10350000.0	0.88730875138
11500000.0	11600000.0	0.875667038706
12000000.0	12100000.0	0.831705949599
12400000.0	12500000.0	0.876744472754
13000000.0	13100000.0	0.871934625895
13350000.0	13450000.0	0.802253805943
13750000.0	13850000.0	0.882526257746
14000000.0	14100000.0	0.321862930923
14050000.0	14150000.0	0.772643056263
14100000.0	14200000.0	0.679529488178
14350000.0	14450000.0	0.898996436843
14750000.0	14850000.0	0.887722958544
14800000.0	14900000.0	0.883570000091
15250000.0	15350000.0	0.870334007977
15350000.0	15450000.0	0.763226690601
15400000.0	15500000.0	0.674323471904
15450000.0	15550000.0	0.629103355679
15500000.0	15600000.0	0.695334928716
15550000.0	15650000.0	0.735420726751
15600000.0	15700000.0	0.700391080517
15650000.0	15750000.0	0.660937681355
15700000.0	15800000.0	0.68375392196
15750000.0	15850000.0	0.866812984483
16500000.0	16600000.0	0.873751036121
16550000.0	16650000.0	0.620405123099
16600000.0	16700000.0	0.436898961005
16650000.0	16750000.0	0.470667490892
16700000.0	16800000.0	0.634602843355
16750000.0	16850000.0	0.871736959494
18250000.0	18350000.0	0.640081818799
18300000.0	18400000.0	0.482584796307
18350000.0	18450000.0	0.473713088693
18400000.0	18500000.0	0.446594624419
18450000.0	18550000.0	0.476466460879
18500000.0	18600000.0	0.572578469933
18550000.0	18650000.0	0.641782685185
18600000.0	18700000.0	0.659853506778
18650000.0	18750000.0	0.595761920934
18700000.0	18800000.0	0.729224676997
18850000.0	18950000.0	0.845492095693
18900000.0	19000000.0	0.463329491677
18950000.0	19050000.0	0.418158655443
19000000.0	19100000.0	0.400804680025
19050000.0	19150000.0	0.410758356644
19100000.0	19200000.0	0.73868421948
19700000.0	19800000.0	0.86729616005
20150000.0	20250000.0	0.709015141045
20200000.0	20300000.0	0.54363821492
20250000.0	20350000.0	0.442821545044
20300000.0	20400000.0	0.472914161665
20350000.0	20450000.0	0.48179330524
20400000.0	20500000.0	0.548037605798
20450000.0	20550000.0	0.681987855254
20500000.0	20600000.0	0.66808025438
20550000.0	20650000.0	0.752242007996
20700000.0	20800000.0	0.831709929248
20750000.0	20850000.0	0.857327735222
21200000.0	21300000.0	0.876659578022
21300000.0	21400000.0	0.753639121617
21400000.0	21500000.0	0.879841639406
21450000.0	21550000.0	0.823451828419
21500000.0	21600000.0	0.559392604859
21550000.0	21650000.0	0.13511132496
21600000.0	21700000.0	0.31832778809
21650000.0	21750000.0	0.803518564422
21800000.0	21900000.0	0.864390679967
21850000.0	21950000.0	0.843655750029
21900000.0	22000000.0	0.870717161761
22000000.0	22100000.0	0.894710698061
22050000.0	22150000.0	0.87046395871
22200000.0	22300000.0	0.44603416187
22250000.0	22350000.0	0.03376427368
22300000.0	22400000.0	0.0
22350000.0	22450000.0	0.0
22400000.0	22500000.0	0.0
22450000.0	22550000.0	0.0
22500000.0	22600000.0	0.0
22550000.0	22650000.0	0.0
22600000.0	22700000.0	0.0
22650000.0	22750000.0	0.0
22700000.0	22800000.0	0.0
22750000.0	22850000.0	0.0
22800000.0	22900000.0	0.0
22850000.0	22950000.0	0.0
22900000.0	23000000.0	0.0
22950000.0	23050000.0	0.0
23000000.0	23100000.0	0.0
23050000.0	23150000.0	0.0
23100000.0	23200000.0	0.0
23150000.0	23250000.0	0.0
23200000.0	23300000.0	0.0
23250000.0	23350000.0	0.0
23300000.0	23400000.0	0.0
23350000.0	23450000.0	0.0
23400000.0	23500000.0	0.0
23450000.0	23550000.0	0.0
23500000.0	23600000.0	0.0
23550000.0	23650000.0	0.0
23600000.0	23700000.0	0.0
23650000.0	23750000.0	0.0
23700000.0	23800000.0	0.0
23750000.0	23850000.0	0.0
23800000.0	23900000.0	0.0
23850000.0	23950000.0	0.0
23900000.0	24000000.0	0.0
23950000.0	24050000.0	0.0
24000000.0	24100000.0	0.0
24050000.0	24150000.0	0.0
24100000.0	24200000.0	0.0
24150000.0	24250000.0	0.0
24200000.0	24300000.0	0.0
24250000.0	24350000.0	0.0
24300000.0	24400000.0	0.0
24350000.0	24450000.0	0.0
24400000.0	24500000.0	0.0
24450000.0	24550000.0	0.0
24500000.0	24600000.0	0.0
24550000.0	24650000.0	0.0
24600000.0	24700000.0	0.0
24650000.0	24750000.0	0.0
24700000.0	24800000.0	0.0
24750000.0	24850000.0	0.0
24800000.0	24900000.0	0.0
24850000.0	24950000.0	0.0
24900000.0	25000000.0	0.0
24950000.0	25050000.0	0.0
25000000.0	25100000.0	0.0
25050000.0	25150000.0	0.0
25100000.0	25200000.0	0.0
25150000.0	25250000.0	0.0
25200000.0	25300000.0	0.219281102407
25250000.0	25350000.0	0.610973755708
25300000.0	25400000.0	0.783719360595
25350000.0	25450000.0	0.831683811203
25400000.0	25500000.0	0.744189637427
25450000.0	25550000.0	0.769858100243
25500000.0	25600000.0	0.811628593113
26100000.0	26200000.0	0.838970009792
26400000.0	26500000.0	0.876343581309
26850000.0	26950000.0	0.809502573941
28150000.0	28250000.0	0.881688408813
28400000.0	28500000.0	0.893812487898
28650000.0	28750000.0	0.896841390112
28700000.0	28800000.0	0.675824613304
28850000.0	28950000.0	0.858529519406
28900000.0	29000000.0	0.675648256225
28950000.0	29050000.0	0.698287258581
29000000.0	29100000.0	0.804715307445
29050000.0	29150000.0	0.874690625329
29300000.0	29400000.0	0.862444429394
29950000.0	30050000.0	0.889603252331
30150000.0	30250000.0	0.881085647213
30250000.0	30350000.0	0.873623563028
30300000.0	30400000.0	0.765447218824
30350000.0	30450000.0	0.689124468507
30400000.0	30500000.0	0.867452421783
30950000.0	31050000.0	0.88432681752
31000000.0	31100000.0	0.897796128033
31200000.0	31300000.0	0.814731905403
31350000.0	31450000.0	0.763560018255
31500000.0	31600000.0	0.857316163256
31600000.0	31700000.0	0.741976735631
31700000.0	31800000.0	0.847613237904
31800000.0	31900000.0	0.839331509469
31850000.0	31950000.0	0.887969320586
32050000.0	32150000.0	0.897323305258
32100000.0	32200000.0	0.846190695293
32300000.0	32400000.0	0.799194093699
32350000.0	32450000.0	0.830035292589
32450000.0	32550000.0	0.834007946173
32500000.0	32600000.0	0.830058946113
32550000.0	32650000.0	0.883618307547
32600000.0	32700000.0	0.886532482594
32850000.0	32950000.0	0.843949192879
32900000.0	33000000.0	0.837840434495
32950000.0	33050000.0	0.673279408919
33050000.0	33150000.0	0.897550506898
33100000.0	33200000.0	0.893562759096
33450000.0	33550000.0	0.879648026181
33500000.0	33600000.0	0.881792119769
34400000.0	34500000.0	0.784265357472
34450000.0	34550000.0	0.525653339767
34500000.0	34600000.0	0.323794133513
34550000.0	34650000.0	0.333490243691
34600000.0	34700000.0	0.284923953548
34650000.0	34750000.0	0.132285867812
34700000.0	34800000.0	0.246689736655
34750000.0	34850000.0	0.574031084209
34800000.0	34900000.0	0.879464669313
34850000.0	34950000.0	0.887898037405
36100000.0	36200000.0	0.890480717517
36150000.0	36250000.0	0.877008941278
36200000.0	36300000.0	0.642483720791
36250000.0	36350000.0	0.366744404438
36300000.0	36400000.0	0.499482689046
36350000.0	36450000.0	0.675614748517
36400000.0	36500000.0	0.769599294491
36600000.0	36700000.0	0.827651299443
38500000.0	38600000.0	0.842924772811
38750000.0	38850000.0	0.840736560654
39300000.0	39400000.0	0.832595747391
39350000.0	39450000.0	0.863764370666
39600000.0	39700000.0	0.870268472966
39700000.0	39800000.0	0.807896526353
39750000.0	39850000.0	0.847986141867
41400000.0	41500000.0	0.880036372079
41600000.0	41700000.0	0.86518068088
41650000.0	41750000.0	0.889798696404
41800000.0	41900000.0	0.892010267991
41950000.0	42050000.0	0.865922633354
43300000.0	43400000.0	0.852949847772
43450000.0	43550000.0	0.876497624823
43500000.0	43600000.0	0.645649927937
43550000.0	43650000.0	0.441752110853
43600000.0	43700000.0	0.536823246096
43650000.0	43750000.0	0.835336980274
43800000.0	43900000.0	0.790126597304
44050000.0	44150000.0	0.897250584385
44100000.0	44200000.0	0.748607083025
44200000.0	44300000.0	0.854671828281
44250000.0	44350000.0	0.811338471398
44300000.0	44400000.0	0.591447924113
44350000.0	44450000.0	0.45360364516
44400000.0	44500000.0	0.475969301064
44450000.0	44550000.0	0.49980456254
44500000.0	44600000.0	0.432423274626
44550000.0	44650000.0	0.38338242764
44600000.0	44700000.0	0.435050810341
44650000.0	44750000.0	0.51246239641
44700000.0	44800000.0	0.581037492876
44750000.0	44850000.0	0.820618545906
44800000.0	44900000.0	0.830510913445
45000000.0	45100000.0	0.685800691609
45050000.0	45150000.0	0.713745480837
45100000.0	45200000.0	0.772227863009
45400000.0	45500000.0	0.890884487601
45450000.0	45550000.0	0.819505417931
45500000.0	45600000.0	0.790172224955
45550000.0	45650000.0	0.687389342162
45600000.0	45700000.0	0.759914923712
46250000.0	46350000.0	0.855571687158
46450000.0	46550000.0	0.898939272695
46650000.0	46750000.0	0.639732453884
46700000.0	46800000.0	0.876131812546
47650000.0	47750000.0	0.870332376308
48150000.0	48250000.0	0.896572604728
48600000.0	48700000.0	0.776059098159
48650000.0	48750000.0	0.612292881486
49050000.0	49150000.0	0.876009810844
49450000.0	49550000.0	0.883227821745
49550000.0	49650000.0	0.861724980086
49850000.0	49950000.0	0.74726366218
49900000.0	50000000.0	0.83370616665
50000000.0	50100000.0	0.48495761767
50100000.0	50200000.0	0.682806957094
50300000.0	50400000.0	0.758154064902
50400000.0	50500000.0	0.87960478102
50450000.0	50550000.0	0.893388592369
50700000.0	50800000.0	0.645443554353
51150000.0	51250000.0	0.738456338951
51200000.0	51300000.0	0.82966803936
51300000.0	51400000.0	0.814480798945
51350000.0	51450000.0	0.815856660254
51450000.0	51550000.0	0.850139838222
51500000.0	51600000.0	0.825659936814
51600000.0	51700000.0	0.897757492684
51700000.0	51800000.0	0.893479504252
51900000.0	52000000.0	0.871495483808
52000000.0	52100000.0	0.690312488211
52350000.0	52450000.0	0.84952030718
52600000.0	52700000.0	0.89581460895
52650000.0	52750000.0	0.816712228902
52800000.0	52900000.0	0.881050979767
53050000.0	53150000.0	0.869401526004
53250000.0	53350000.0	0.863773998989
53700000.0	53800000.0	0.820145475011
53800000.0	53900000.0	0.812774324814
53850000.0	53950000.0	0.826166637171
53900000.0	54000000.0	0.812332526829
54000000.0	54100000.0	0.871241992932
54050000.0	54150000.0	0.728906692189
54100000.0	54200000.0	0.77644970914
54250000.0	54350000.0	0.815218447626
54300000.0	54400000.0	0.845238459603
54400000.0	54500000.0	0.874805493635
54450000.0	54550000.0	0.882597438273
54550000.0	54650000.0	0.676382740905
54650000.0	54750000.0	0.861182078133
54750000.0	54850000.0	0.849978399491
54850000.0	54950000.0	0.883633350819
55350000.0	55450000.0	0.78759261447
55750000.0	55850000.0	0.879768355742
55850000.0	55950000.0	0.890023351406
56400000.0	56500000.0	0.78967091034
56600000.0	56700000.0	0.83952729212
57400000.0	57500000.0	0.89542213662
57600000.0	57700000.0	0.859760063138
57650000.0	57750000.0	0.868653591387
57700000.0	57800000.0	0.897509306924
57750000.0	57850000.0	0.873937895881
58000000.0	58100000.0	0.710874579338
58050000.0	58150000.0	0.681320546265
58100000.0	58200000.0	0.84538251475
58150000.0	58250000.0	0.828040911226
58200000.0	58300000.0	0.851393818715
58250000.0	58350000.0	0.878309945042
58900000.0	59000000.0	0.895605453017
58950000.0	59050000.0	0.834903539331
59000000.0	59100000.0	0.880820316941
59100000.0	59200000.0	0.80643446548
59200000.0	59300000.0	0.844723952884
59250000.0	59350000.0	0.850963110304
59800000.0	59900000.0	0.727214896881
60250000.0	60350000.0	0.737586313458
60300000.0	60400000.0	0.648799214947
60350000.0	60450000.0	0.832364061171
60400000.0	60500000.0	0.892650019245
60450000.0	60550000.0	0.839128714529
60500000.0	60600000.0	0.797579189586
60550000.0	60650000.0	0.803289719442
60600000.0	60700000.0	0.896801558569
60850000.0	60950000.0	0.866643804458
61050000.0	61150000.0	0.809915326185
61100000.0	61200000.0	0.835133996056
61150000.0	61250000.0	0.890975529602
61350000.0	61450000.0	0.728235517813
61650000.0	61750000.0	0.87614850684
61750000.0	61850000.0	0.848162149322
61900000.0	62000000.0	0.8782602816
62300000.0	62400000.0	0.882831927627
62350000.0	62450000.0	0.596604262755
62400000.0	62500000.0	0.438219236468
62450000.0	62550000.0	0.852993798285
62700000.0	62800000.0	0.876170159469
62750000.0	62850000.0	0.737347844267
62800000.0	62900000.0	0.482999667489
62850000.0	62950000.0	0.544842705681
62900000.0	63000000.0	0.827484286422
63050000.0	63150000.0	0.836090998537
63350000.0	63450000.0	0.842205172965
63450000.0	63550000.0	0.894088824907
63700000.0	63800000.0	0.890905917382
63850000.0	63950000.0	0.895190946428
64450000.0	64550000.0	0.899371988398
64550000.0	64650000.0	0.883427665123
65150000.0	65250000.0	0.898794705206
67050000.0	67150000.0	0.874399496458
67100000.0	67200000.0	0.874594106579
67300000.0	67400000.0	0.875595217888
67650000.0	67750000.0	0.889833208041
67750000.0	67850000.0	0.758789548211
68100000.0	68200000.0	0.768157662944
68250000.0	68350000.0	0.896393735143
68400000.0	68500000.0	0.854375399224
68450000.0	68550000.0	0.827476100821
68500000.0	68600000.0	0.827171753039
68550000.0	68650000.0	0.867569862513
68600000.0	68700000.0	0.841247099356
68800000.0	68900000.0	0.804914342638
69500000.0	69600000.0	0.894788966902
70000000.0	70100000.0	0.885905040674
71300000.0	71400000.0	0.86049099848
71700000.0	71800000.0	0.819638911854
71900000.0	72000000.0	0.721267000424
71950000.0	72050000.0	0.899688885968
72000000.0	72100000.0	0.84851446638
72050000.0	72150000.0	0.804410172853
74950000.0	75050000.0	0.895151702047
75600000.0	75700000.0	0.880730337131
75850000.0	75950000.0	0.847542054541
76550000.0	76650000.0	0.824542915384
77150000.0	77250000.0	0.804845325486
77450000.0	77550000.0	0.698330119088
77500000.0	77600000.0	0.291512544401
77550000.0	77650000.0	0.357620802235
77600000.0	77700000.0	0.791117279118
77900000.0	78000000.0	0.77520940939
78350000.0	78450000.0	0.88654112679
78400000.0	78500000.0	0.890074189352
78450000.0	78550000.0	0.878198777167
79100000.0	79200000.0	0.879994548709
79650000.0	79750000.0	0.548969595419
79700000.0	79800000.0	0.378407271113
79750000.0	79850000.0	0.821370403943
80200000.0	80300000.0	0.868900881961
80900000.0	81000000.0	0.828701107849
