start	end	avg.score
0.0	100000.0	0.171466246259
50000.0	150000.0	0.590122037881
100000.0	200000.0	0.878606895168
400000.0	500000.0	0.826991591732
550000.0	650000.0	0.862679995166
600000.0	700000.0	0.836357972736
850000.0	950000.0	0.764528436082
1200000.0	1300000.0	0.86109653907
1250000.0	1350000.0	0.797678932112
1300000.0	1400000.0	0.869725923083
1400000.0	1500000.0	0.82538545133
1750000.0	1850000.0	0.884131024267
1800000.0	1900000.0	0.889129752227
1900000.0	2000000.0	0.691815506751
2050000.0	2150000.0	0.882622526715
2100000.0	2200000.0	0.861792862164
2250000.0	2350000.0	0.786904654963
2300000.0	2400000.0	0.82028863119
2400000.0	2500000.0	0.881435303575
2500000.0	2600000.0	0.738001176628
2700000.0	2800000.0	0.716238295332
2950000.0	3050000.0	0.839709203938
3050000.0	3150000.0	0.858732793217
3400000.0	3500000.0	0.874318728515
3650000.0	3750000.0	0.438621194427
4100000.0	4200000.0	0.812251606232
4250000.0	4350000.0	0.88744747093
4350000.0	4450000.0	0.859691534321
4400000.0	4500000.0	0.790674903024
4500000.0	4600000.0	0.605936449344
4600000.0	4700000.0	0.782254545753
4650000.0	4750000.0	0.78157120254
4750000.0	4850000.0	0.745599456865
4800000.0	4900000.0	0.788410229436
4850000.0	4950000.0	0.881075087423
4950000.0	5050000.0	0.828541424361
5000000.0	5100000.0	0.845889233235
5100000.0	5200000.0	0.899775921166
5150000.0	5250000.0	0.865278128283
5200000.0	5300000.0	0.814172106341
5250000.0	5350000.0	0.845079347239
5400000.0	5500000.0	0.895925355865
5500000.0	5600000.0	0.852273784046
5750000.0	5850000.0	0.887253833062
6400000.0	6500000.0	0.774988946127
6500000.0	6600000.0	0.848500690175
6650000.0	6750000.0	0.858214084902
6800000.0	6900000.0	0.769678712212
6850000.0	6950000.0	0.89808114889
7000000.0	7100000.0	0.890242402789
7050000.0	7150000.0	0.812552473084
7100000.0	7200000.0	0.888530244797
7150000.0	7250000.0	0.886089074209
7650000.0	7750000.0	0.875522578504
8250000.0	8350000.0	0.891772112596
8700000.0	8800000.0	0.756556891122
8850000.0	8950000.0	0.762314576876
9050000.0	9150000.0	0.809112087115
9300000.0	9400000.0	0.846762428135
9400000.0	9500000.0	0.846534700837
9500000.0	9600000.0	0.857620970384
9550000.0	9650000.0	0.808212537032
9600000.0	9700000.0	0.719891703471
9700000.0	9800000.0	0.796822993277
9800000.0	9900000.0	0.87498808893
9900000.0	10000000.0	0.710180269687
10050000.0	10150000.0	0.716501622741
10100000.0	10200000.0	0.886529549425
10400000.0	10500000.0	0.886685664287
10500000.0	10600000.0	0.637873844066
10650000.0	10750000.0	0.765335544908
10700000.0	10800000.0	0.85953808619
10850000.0	10950000.0	0.827106987331
10900000.0	11000000.0	0.883592194605
11050000.0	11150000.0	0.793751446943
11150000.0	11250000.0	0.795715972801
11200000.0	11300000.0	0.828342076595
11250000.0	11350000.0	0.758936394186
11300000.0	11400000.0	0.740555737581
11550000.0	11650000.0	0.763013582065
11650000.0	11750000.0	0.800612808676
12700000.0	12800000.0	0.864653275015
12750000.0	12850000.0	0.870392732194
13550000.0	13650000.0	0.882029507525
14150000.0	14250000.0	0.798778815448
14300000.0	14400000.0	0.768312405289
14350000.0	14450000.0	0.678324193953
14700000.0	14800000.0	0.884792613529
14950000.0	15050000.0	0.864800242871
15000000.0	15100000.0	0.893974999862
15400000.0	15500000.0	0.898125247594
15700000.0	15800000.0	0.894980051957
15750000.0	15850000.0	0.888659236383
15850000.0	15950000.0	0.74509810873
15900000.0	16000000.0	0.875370841331
16050000.0	16150000.0	0.878396005124
16200000.0	16300000.0	0.879700745819
16250000.0	16350000.0	0.890128879618
16700000.0	16800000.0	0.871534435558
17700000.0	17800000.0	0.756580211433
17750000.0	17850000.0	0.599739275207
17800000.0	17900000.0	0.507801419547
17850000.0	17950000.0	0.492889333818
17900000.0	18000000.0	0.370100551004
17950000.0	18050000.0	0.258589086231
18000000.0	18100000.0	0.385945774388
18050000.0	18150000.0	0.513943009973
18100000.0	18200000.0	0.506765087088
18150000.0	18250000.0	0.628795814966
18200000.0	18300000.0	0.888125733814
18250000.0	18350000.0	0.896123047485
18350000.0	18450000.0	0.894168837755
18700000.0	18800000.0	0.834599302789
18800000.0	18900000.0	0.742694822561
18900000.0	19000000.0	0.853183203738
19150000.0	19250000.0	0.857757447833
19300000.0	19400000.0	0.871695834612
19350000.0	19450000.0	0.899435048062
19650000.0	19750000.0	0.818041055525
19900000.0	20000000.0	0.715806667278
20000000.0	20100000.0	0.801833693184
20100000.0	20200000.0	0.881503567426
20150000.0	20250000.0	0.883015746696
20200000.0	20300000.0	0.774406867346
20300000.0	20400000.0	0.885200187972
20400000.0	20500000.0	0.884887361657
20500000.0	20600000.0	0.838879329071
20600000.0	20700000.0	0.729729640959
20700000.0	20800000.0	0.866551363302
20750000.0	20850000.0	0.85407837426
20800000.0	20900000.0	0.846667376507
20950000.0	21050000.0	0.843710249967
21250000.0	21350000.0	0.890826127948
22300000.0	22400000.0	0.725254162578
22350000.0	22450000.0	0.866827501918
22500000.0	22600000.0	0.846930844357
22600000.0	22700000.0	0.74113661945
22650000.0	22750000.0	0.843378069769
22750000.0	22850000.0	0.513755254727
22950000.0	23050000.0	0.821188488675
23000000.0	23100000.0	0.788135498657
23950000.0	24050000.0	0.898462766803
24000000.0	24100000.0	0.829296611233
24100000.0	24200000.0	0.873120177762
24300000.0	24400000.0	0.85596579037
24450000.0	24550000.0	0.842000492011
25250000.0	25350000.0	0.875160085688
25450000.0	25550000.0	0.87596387727
25650000.0	25750000.0	0.856052905409
25750000.0	25850000.0	0.861156313833
25950000.0	26050000.0	0.852819198969
26100000.0	26200000.0	0.879672992299
26200000.0	26300000.0	0.839742387987
26250000.0	26350000.0	0.811255593772
26300000.0	26400000.0	0.886125103056
26400000.0	26500000.0	0.872811085327
26450000.0	26550000.0	0.830625916517
26500000.0	26600000.0	0.833472914273
27500000.0	27600000.0	0.882134815932
27550000.0	27650000.0	0.877745064959
27700000.0	27800000.0	0.865926447807
28050000.0	28150000.0	0.892586536819
28100000.0	28200000.0	0.871240630564
28200000.0	28300000.0	0.838589076784
29050000.0	29150000.0	0.8940397042
29500000.0	29600000.0	0.820912696232
29550000.0	29650000.0	0.898703432886
30250000.0	30350000.0	0.894059686528
30300000.0	30400000.0	0.856737241577
30500000.0	30600000.0	0.878032087863
31100000.0	31200000.0	0.84286633795
31150000.0	31250000.0	0.877394132529
31200000.0	31300000.0	0.813769723696
31500000.0	31600000.0	0.823691660288
31550000.0	31650000.0	0.859519684868
31600000.0	31700000.0	0.795410339459
31650000.0	31750000.0	0.879856614339
31700000.0	31800000.0	0.865557451382
31800000.0	31900000.0	0.704981421728
31900000.0	32000000.0	0.862586298833
32100000.0	32200000.0	0.801934554178
32850000.0	32950000.0	0.897233056146
32900000.0	33000000.0	0.878650344148
32950000.0	33050000.0	0.885430288211
33050000.0	33150000.0	0.852827570961
33100000.0	33200000.0	0.869892034327
33750000.0	33850000.0	0.865240447218
34050000.0	34150000.0	0.794579194723
34100000.0	34200000.0	0.873426365031
34450000.0	34550000.0	0.808620374663
34500000.0	34600000.0	0.631486567593
34700000.0	34800000.0	0.856475666257
35050000.0	35150000.0	0.87726705471
35650000.0	35750000.0	0.89308049346
35750000.0	35850000.0	0.84525042949
35950000.0	36050000.0	0.863050061648
36100000.0	36200000.0	0.883543690549
36200000.0	36300000.0	0.767647147706
36400000.0	36500000.0	0.854357377367
36550000.0	36650000.0	0.8489281589
36600000.0	36700000.0	0.872581753784
37150000.0	37250000.0	0.897665778914
37300000.0	37400000.0	0.870729808285
37350000.0	37450000.0	0.882445738879
37400000.0	37500000.0	0.756810287763
37450000.0	37550000.0	0.789029534693
37850000.0	37950000.0	0.898260284321
38100000.0	38200000.0	0.869335518829
38450000.0	38550000.0	0.854016437863
38500000.0	38600000.0	0.740645141486
38550000.0	38650000.0	0.716127069586
38600000.0	38700000.0	0.625684878222
38650000.0	38750000.0	0.442825671741
38700000.0	38800000.0	0.504137095242
38750000.0	38850000.0	0.523048980827
38800000.0	38900000.0	0.364233925597
38850000.0	38950000.0	0.505370040213
38900000.0	39000000.0	0.54662440819
38950000.0	39050000.0	0.562064348014
39000000.0	39100000.0	0.652570459512
39050000.0	39150000.0	0.863861238335
39100000.0	39200000.0	0.5426449999
39150000.0	39250000.0	0.0
39200000.0	39300000.0	0.0
39250000.0	39350000.0	0.0
39300000.0	39400000.0	0.0
39350000.0	39450000.0	0.0
39400000.0	39500000.0	0.0
39450000.0	39550000.0	0.0
39500000.0	39600000.0	0.0
39550000.0	39650000.0	0.0
39600000.0	39700000.0	0.0
39650000.0	39750000.0	0.0
39700000.0	39800000.0	0.0
39750000.0	39850000.0	0.0
39800000.0	39900000.0	0.0
39850000.0	39950000.0	0.0
39900000.0	40000000.0	0.0
39950000.0	40050000.0	0.0
40000000.0	40100000.0	0.0
40050000.0	40150000.0	0.0
40100000.0	40200000.0	0.0
40150000.0	40250000.0	0.0
40200000.0	40300000.0	0.0
40250000.0	40350000.0	0.0
40300000.0	40400000.0	0.0
40350000.0	40450000.0	0.0
40400000.0	40500000.0	0.0
40450000.0	40550000.0	0.0
40500000.0	40600000.0	0.0
40550000.0	40650000.0	0.0
40600000.0	40700000.0	0.0
40650000.0	40750000.0	0.0
40700000.0	40800000.0	0.0
40750000.0	40850000.0	0.0
40800000.0	40900000.0	0.0
40850000.0	40950000.0	0.0
40900000.0	41000000.0	0.0
40950000.0	41050000.0	0.0
41000000.0	41100000.0	0.0
41050000.0	41150000.0	0.0
41100000.0	41200000.0	0.0
41150000.0	41250000.0	0.0
41200000.0	41300000.0	0.0
41250000.0	41350000.0	0.0
41300000.0	41400000.0	0.0
41350000.0	41450000.0	0.0
41400000.0	41500000.0	0.0
41450000.0	41550000.0	0.0
41500000.0	41600000.0	0.0
41550000.0	41650000.0	0.0
41600000.0	41700000.0	0.0
41650000.0	41750000.0	0.0
41700000.0	41800000.0	0.0
41750000.0	41850000.0	0.0
41800000.0	41900000.0	0.0
41850000.0	41950000.0	0.0
41900000.0	42000000.0	0.0
41950000.0	42050000.0	0.0
42000000.0	42100000.0	0.0
42050000.0	42150000.0	0.0
42100000.0	42200000.0	0.0
42150000.0	42250000.0	0.0
42200000.0	42300000.0	0.0
42250000.0	42350000.0	0.0
42300000.0	42400000.0	0.312932961183
42350000.0	42450000.0	0.762315649681
42450000.0	42550000.0	0.77075603207
42500000.0	42600000.0	0.14225174736
42550000.0	42650000.0	0.316134285695
42600000.0	42700000.0	0.592270093925
42650000.0	42750000.0	0.555076671474
42700000.0	42800000.0	0.538572502559
42750000.0	42850000.0	0.705201327221
42800000.0	42900000.0	0.888215790563
42850000.0	42950000.0	0.875102522371
42900000.0	43000000.0	0.878728287077
43150000.0	43250000.0	0.89295108273
43250000.0	43350000.0	0.864049891338
43300000.0	43400000.0	0.881406915574
43600000.0	43700000.0	0.624309986468
43700000.0	43800000.0	0.899376440682
43750000.0	43850000.0	0.854624402321
44200000.0	44300000.0	0.899956684423
44350000.0	44450000.0	0.748432542825
44400000.0	44500000.0	0.852890969978
44450000.0	44550000.0	0.781986154516
44500000.0	44600000.0	0.625993344637
44550000.0	44650000.0	0.659931427002
44600000.0	44700000.0	0.888634462375
44650000.0	44750000.0	0.826402204684
44700000.0	44800000.0	0.825298327583
44850000.0	44950000.0	0.852402179632
44900000.0	45000000.0	0.889114993836
45000000.0	45100000.0	0.783335267089
45050000.0	45150000.0	0.741753485614
45150000.0	45250000.0	0.899144598962
45300000.0	45400000.0	0.887305516318
45350000.0	45450000.0	0.880242836967
45400000.0	45500000.0	0.89018999989
45450000.0	45550000.0	0.585228537983
45500000.0	45600000.0	0.885650430008
45750000.0	45850000.0	0.898894684987
45800000.0	45900000.0	0.841013311064
45850000.0	45950000.0	0.853986641855
45950000.0	46050000.0	0.876155910372
46000000.0	46100000.0	0.88226051196
46100000.0	46200000.0	0.746141589398
46150000.0	46250000.0	0.523632823343
46200000.0	46300000.0	0.457910316334
46250000.0	46350000.0	0.329989833514
46300000.0	46400000.0	0.274579072647
46350000.0	46450000.0	0.211299709288
46400000.0	46500000.0	0.165558558012
46450000.0	46550000.0	0.341992240446
46500000.0	46600000.0	0.42931971993
46550000.0	46650000.0	0.349742337468
46600000.0	46700000.0	0.341438651264
46650000.0	46750000.0	0.298006788701
46700000.0	46800000.0	0.249423163989
46750000.0	46850000.0	0.26168025651
46800000.0	46900000.0	0.280049424493
46850000.0	46950000.0	0.370097249147
46900000.0	47000000.0	0.667701389752
47000000.0	47100000.0	0.83251465708
47100000.0	47200000.0	0.627425291864
47150000.0	47250000.0	0.249087345238
47200000.0	47300000.0	0.238414824448
47250000.0	47350000.0	0.276657348406
47300000.0	47400000.0	0.348167088352
47350000.0	47450000.0	0.320200591271
47400000.0	47500000.0	0.120429798532
47450000.0	47550000.0	0.153990410028
47500000.0	47600000.0	0.529839957673
47550000.0	47650000.0	0.854098804399
47650000.0	47750000.0	0.61272404579
47700000.0	47800000.0	0.320632456293
47750000.0	47850000.0	0.18013660343
47800000.0	47900000.0	0.0290925430811
47850000.0	47950000.0	0.20452028376
47900000.0	48000000.0	0.364929442778
47950000.0	48050000.0	0.426091333344
48000000.0	48100000.0	0.263387966364
48050000.0	48150000.0	0.121573972521
48100000.0	48200000.0	0.248372408545
48150000.0	48250000.0	0.226987945602
48200000.0	48300000.0	0.289938199804
48250000.0	48350000.0	0.670082981454
48400000.0	48500000.0	0.899146801168
48500000.0	48600000.0	0.718697946346
48600000.0	48700000.0	0.718176935755
48650000.0	48750000.0	0.512918955404
48700000.0	48800000.0	0.340884705088
48750000.0	48850000.0	0.347970450296
48800000.0	48900000.0	0.349313322339
48850000.0	48950000.0	0.282167999168
48900000.0	49000000.0	0.248801634995
48950000.0	49050000.0	0.273781780646
49000000.0	49100000.0	0.275362116407
49050000.0	49150000.0	0.14243259359
49100000.0	49200000.0	0.01227249938
49150000.0	49250000.0	0.126476480501
49200000.0	49300000.0	0.273796708375
49250000.0	49350000.0	0.337671151484
49300000.0	49400000.0	0.426111461629
49350000.0	49450000.0	0.732383553079
49400000.0	49500000.0	0.713292783641
49450000.0	49550000.0	0.664663616921
49650000.0	49750000.0	0.739517476719
49750000.0	49850000.0	0.795863937714
49800000.0	49900000.0	0.778314697874
49900000.0	50000000.0	0.820096632546
49950000.0	50050000.0	0.68821636032
50000000.0	50100000.0	0.621689132553
50050000.0	50150000.0	0.779856088614
50100000.0	50200000.0	0.887983456061
50250000.0	50350000.0	0.876586324948
50350000.0	50450000.0	0.559101396105
50500000.0	50600000.0	0.515621894199
50600000.0	50700000.0	0.872114655654
50850000.0	50950000.0	0.795036108012
50900000.0	51000000.0	0.743980709315
51000000.0	51100000.0	0.687221324156
51050000.0	51150000.0	0.38498221769
51100000.0	51200000.0	0.233846130206
51150000.0	51250000.0	0.181776594691
51200000.0	51300000.0	0.279082463995
51250000.0	51350000.0	0.300614061377
51300000.0	51400000.0	0.386953036813
51350000.0	51450000.0	0.230598416446
51400000.0	51500000.0	0.208121058983
51450000.0	51550000.0	0.694143164246
51550000.0	51650000.0	0.68927673003
51600000.0	51700000.0	0.381473283394
51650000.0	51750000.0	0.304529219503
51700000.0	51800000.0	0.406094835865
51750000.0	51850000.0	0.535057467316
51800000.0	51900000.0	0.460087153051
51850000.0	51950000.0	0.375452317508
51900000.0	52000000.0	0.438034095754
51950000.0	52050000.0	0.688571038373
52050000.0	52150000.0	0.893476445904
52150000.0	52250000.0	0.896441750587
52350000.0	52450000.0	0.78678148584
52400000.0	52500000.0	0.54036939509
52450000.0	52550000.0	0.557759655722
52500000.0	52600000.0	0.70982193179
52650000.0	52750000.0	0.772355810221
52700000.0	52800000.0	0.856436009707
52800000.0	52900000.0	0.790085401383
52850000.0	52950000.0	0.730220356273
52900000.0	53000000.0	0.895113710601
52950000.0	53050000.0	0.83063267596
53000000.0	53100000.0	0.770052148511
53200000.0	53300000.0	0.804409453383
53250000.0	53350000.0	0.809956235301
53350000.0	53450000.0	0.859881130281
53400000.0	53500000.0	0.875033543762
53600000.0	53700000.0	0.889967365888
53650000.0	53750000.0	0.827695864034
53700000.0	53800000.0	0.881717475266
53800000.0	53900000.0	0.720157551132
53850000.0	53950000.0	0.794181807991
53900000.0	54000000.0	0.878898613357
53950000.0	54050000.0	0.871753578295
54100000.0	54200000.0	0.739913909543
54200000.0	54300000.0	0.504432485625
54400000.0	54500000.0	0.830825397464
54650000.0	54750000.0	0.629481808639
54800000.0	54900000.0	0.759141422854
54850000.0	54950000.0	0.870988952049
54950000.0	55050000.0	0.889451473356
55050000.0	55150000.0	0.850141321065
55200000.0	55300000.0	0.861161152116
55300000.0	55400000.0	0.691287292344
55350000.0	55450000.0	0.882657848499
55400000.0	55500000.0	0.848608369892
55450000.0	55550000.0	0.89684361009
55500000.0	55600000.0	0.724607993005
55600000.0	55700000.0	0.887659067903
55700000.0	55800000.0	0.81012866919
55800000.0	55900000.0	0.649925488243
55850000.0	55950000.0	0.861755398659
55900000.0	56000000.0	0.778166477744
56350000.0	56450000.0	0.641498616098
56600000.0	56700000.0	0.858614793567
56700000.0	56800000.0	0.899353868868
56800000.0	56900000.0	0.695462087202
56950000.0	57050000.0	0.665186206659
57150000.0	57250000.0	0.553060667107
57300000.0	57400000.0	0.887729341053
57350000.0	57450000.0	0.87095495548
57600000.0	57700000.0	0.798218295404
57900000.0	58000000.0	0.895228174336
58050000.0	58150000.0	0.383866362172
58100000.0	58200000.0	0.866168916293
58300000.0	58400000.0	0.859601580466
58450000.0	58550000.0	0.836608451009
58600000.0	58700000.0	0.793057841415
58700000.0	58800000.0	0.783978837697
58750000.0	58850000.0	0.837905951934
58900000.0	59000000.0	0.793180252632
59150000.0	59250000.0	0.704682936063
59550000.0	59650000.0	0.691160742093
59800000.0	59900000.0	0.860187134103
60200000.0	60300000.0	0.890495521818
60300000.0	60400000.0	0.87107731199
60400000.0	60500000.0	0.871892987005
60500000.0	60600000.0	0.804478076017
60600000.0	60700000.0	0.865037971219
60650000.0	60750000.0	0.717957567353
60700000.0	60800000.0	0.851417170531
60850000.0	60950000.0	0.836749550091
60900000.0	61000000.0	0.780643996822
61150000.0	61250000.0	0.836282991372
61250000.0	61350000.0	0.836251733837
61350000.0	61450000.0	0.854550099324
61900000.0	62000000.0	0.898156586992
62100000.0	62200000.0	0.831524996727
62200000.0	62300000.0	0.716246904713
62300000.0	62400000.0	0.870417013909
62500000.0	62600000.0	0.898851151042
62900000.0	63000000.0	0.780748412295
63100000.0	63200000.0	0.608812631462
63300000.0	63400000.0	0.870942032196
63350000.0	63450000.0	0.816866393933
63400000.0	63500000.0	0.894566968487
63650000.0	63750000.0	0.794593388131
63750000.0	63850000.0	0.726657341521
63950000.0	64050000.0	0.864817962642
64050000.0	64150000.0	0.885472769692
64300000.0	64400000.0	0.775971760749
64350000.0	64450000.0	0.752571425489
64400000.0	64500000.0	0.864685470658
64550000.0	64650000.0	0.871100054591
64600000.0	64700000.0	0.890751928712
64650000.0	64750000.0	0.880366925674
64700000.0	64800000.0	0.862989231633
65200000.0	65300000.0	0.86222129985
65600000.0	65700000.0	0.884607318001
65650000.0	65750000.0	0.812268109788
65700000.0	65800000.0	0.878186977133
65750000.0	65850000.0	0.847978465206
65850000.0	65950000.0	0.843954263643
65900000.0	66000000.0	0.773843816783
66350000.0	66450000.0	0.764248045505
66450000.0	66550000.0	0.855189319368
66500000.0	66600000.0	0.806599772016
66600000.0	66700000.0	0.8550545209
66900000.0	67000000.0	0.863992478155
66950000.0	67050000.0	0.847661330298
67050000.0	67150000.0	0.618851111769
67200000.0	67300000.0	0.878072065137
67450000.0	67550000.0	0.753983252795
67500000.0	67600000.0	0.804709449975
67650000.0	67750000.0	0.829876971986
67750000.0	67850000.0	0.835847831209
67950000.0	68050000.0	0.73001676232
68050000.0	68150000.0	0.816307015525
68150000.0	68250000.0	0.810261140336
68400000.0	68500000.0	0.895453314913
68550000.0	68650000.0	0.862008908903
68800000.0	68900000.0	0.878659924273
68850000.0	68950000.0	0.789075088614
68900000.0	69000000.0	0.882923339391
68950000.0	69050000.0	0.858471391641
69100000.0	69200000.0	0.898674934397
69250000.0	69350000.0	0.835967774345
69300000.0	69400000.0	0.73394112265
69350000.0	69450000.0	0.826884430951
69400000.0	69500000.0	0.86492437134
69450000.0	69550000.0	0.869526887076
71350000.0	71450000.0	0.846849798634
71550000.0	71650000.0	0.449211272444
71650000.0	71750000.0	0.833897025336
72350000.0	72450000.0	0.896168526022
72450000.0	72550000.0	0.804175122448
72700000.0	72800000.0	0.814475980329
72750000.0	72850000.0	0.887059220018
72850000.0	72950000.0	0.882540309303
72900000.0	73000000.0	0.858868749889
73000000.0	73100000.0	0.700681121782
73100000.0	73200000.0	0.827202046804
73150000.0	73250000.0	0.8709915104
73200000.0	73300000.0	0.898628467863
73300000.0	73400000.0	0.838471476032
73350000.0	73450000.0	0.898087716951
73450000.0	73550000.0	0.795348279185
73500000.0	73600000.0	0.885799321584
75050000.0	75150000.0	0.811361599742
75350000.0	75450000.0	0.753432122763
75400000.0	75500000.0	0.621342927931
75450000.0	75550000.0	0.829467491991
76200000.0	76300000.0	0.838680273437
76300000.0	76400000.0	0.868700182099
76800000.0	76900000.0	0.873020582215
77050000.0	77150000.0	0.888260581303
77150000.0	77250000.0	0.735669924193
77250000.0	77350000.0	0.878787096264
77300000.0	77400000.0	0.826269997903
77350000.0	77450000.0	0.710987334734
77400000.0	77500000.0	0.739135984037
77600000.0	77700000.0	0.840552149215
77700000.0	77800000.0	0.870009292577
77800000.0	77900000.0	0.639865290397
77900000.0	78000000.0	0.893131368841
77950000.0	78050000.0	0.84968598559
78050000.0	78150000.0	0.701440861104
78150000.0	78250000.0	0.755312998953
78200000.0	78300000.0	0.860456996593
78300000.0	78400000.0	0.7467113447
78400000.0	78500000.0	0.769929654963
78500000.0	78600000.0	0.895066448411
78550000.0	78650000.0	0.762615407862
78750000.0	78850000.0	0.757256892453
79000000.0	79100000.0	0.840717609284
79150000.0	79250000.0	0.887102414954
79300000.0	79400000.0	0.691149210185
79800000.0	79900000.0	0.88518644759
79900000.0	80000000.0	0.865119834607
79950000.0	80050000.0	0.705643171264
80100000.0	80200000.0	0.84834753503
80150000.0	80250000.0	0.877299043895
80300000.0	80400000.0	0.334756735511
80350000.0	80450000.0	0.782510780136
80400000.0	80500000.0	0.746291144891
80450000.0	80550000.0	0.769014081373
80550000.0	80650000.0	0.55263002426
80650000.0	80750000.0	0.689155908173
80750000.0	80850000.0	0.870074190717
80900000.0	81000000.0	0.419855832354
81000000.0	81100000.0	0.794066758319
81050000.0	81150000.0	0.866828798533
81150000.0	81250000.0	0.874418866964
81200000.0	81300000.0	0.597086203321
81250000.0	81350000.0	0.69684158492
81300000.0	81400000.0	0.895657208065
81350000.0	81450000.0	0.789780474963
81400000.0	81500000.0	0.53719313883
81450000.0	81550000.0	0.42387524012
81500000.0	81600000.0	0.483352369454
81550000.0	81650000.0	0.509531075031
81600000.0	81700000.0	0.69349947885
81650000.0	81750000.0	0.876089492895
81700000.0	81800000.0	0.81793088921
81900000.0	82000000.0	0.887217533743
81950000.0	82050000.0	0.825471303027
82450000.0	82550000.0	0.789920968135
82550000.0	82650000.0	0.877907309911
82700000.0	82800000.0	0.852407244001
82800000.0	82900000.0	0.876728454306
83050000.0	83150000.0	0.79481970663
83100000.0	83200000.0	0.870060206986
83350000.0	83450000.0	0.832700027434
83450000.0	83550000.0	0.85635225475
83550000.0	83650000.0	0.888101664208
83650000.0	83750000.0	0.759069841826
83750000.0	83850000.0	0.771518999882
83900000.0	84000000.0	0.739876950599
84000000.0	84100000.0	0.896532372607
84150000.0	84250000.0	0.81824393988
84450000.0	84550000.0	0.799433744569
84500000.0	84600000.0	0.579139315118
84550000.0	84650000.0	0.791032846772
84700000.0	84800000.0	0.790265472215
84800000.0	84900000.0	0.871209776991
85050000.0	85150000.0	0.893759598459
85150000.0	85250000.0	0.63094017006
85350000.0	85450000.0	0.611451984778
85400000.0	85500000.0	0.833930556343
85450000.0	85550000.0	0.814982399114
85700000.0	85800000.0	0.677039728467
86450000.0	86550000.0	0.660765416922
86500000.0	86600000.0	0.804672842386
86650000.0	86750000.0	0.737749096977
86700000.0	86800000.0	0.780791545342
86750000.0	86850000.0	0.777830724455
86850000.0	86950000.0	0.896401723378
87050000.0	87150000.0	0.593587727915
87100000.0	87200000.0	0.879563674511
87200000.0	87300000.0	0.891164634178
87250000.0	87350000.0	0.867077402576
87350000.0	87450000.0	0.568511592571
87400000.0	87500000.0	0.502527265864
87450000.0	87550000.0	0.779368729712
87500000.0	87600000.0	0.890164236754
87550000.0	87650000.0	0.870314022052
87600000.0	87700000.0	0.656171210308
87650000.0	87750000.0	0.885415550015
87700000.0	87800000.0	0.862983216586
87750000.0	87850000.0	0.822262115441
87800000.0	87900000.0	0.837622014713
87900000.0	88000000.0	0.797096916978
87950000.0	88050000.0	0.802218354266
88100000.0	88200000.0	0.808811148947
88700000.0	88800000.0	0.755210905598
88750000.0	88850000.0	0.794584615781
88800000.0	88900000.0	0.811748996054
88850000.0	88950000.0	0.569890094593
88900000.0	89000000.0	0.511073981744
88950000.0	89050000.0	0.4480830878
89000000.0	89100000.0	0.435553698841
89050000.0	89150000.0	0.452206056303
89100000.0	89200000.0	0.420342723395
89150000.0	89250000.0	0.395801793474
89200000.0	89300000.0	0.612259344936
89450000.0	89550000.0	0.887963357649
89550000.0	89650000.0	0.871218600841
89600000.0	89700000.0	0.899667161838
89650000.0	89750000.0	0.891084044355
89850000.0	89950000.0	0.504387064725
89950000.0	90050000.0	0.876665009922
90250000.0	90350000.0	0.420175043926
90300000.0	90400000.0	0.887391480788
90350000.0	90450000.0	0.83691737967
90400000.0	90500000.0	0.876480750501
90600000.0	90700000.0	0.800726959797
90750000.0	90850000.0	0.856088658442
90850000.0	90950000.0	0.817115927255
91000000.0	91100000.0	0.881111944179
91150000.0	91250000.0	0.812219546433
91250000.0	91350000.0	0.895148477694
91350000.0	91450000.0	0.849556521657
91450000.0	91550000.0	0.834092388162
91650000.0	91750000.0	0.813421770581
91700000.0	91800000.0	0.745610580381
91800000.0	91900000.0	0.836066442607
91850000.0	91950000.0	0.732826802922
91900000.0	92000000.0	0.784687697978
91950000.0	92050000.0	0.815522562925
92000000.0	92100000.0	0.78819454546
92200000.0	92300000.0	0.743060715147
92350000.0	92450000.0	0.868716485657
92450000.0	92550000.0	0.838897785826
92550000.0	92650000.0	0.809135317342
92650000.0	92750000.0	0.877586100349
92800000.0	92900000.0	0.894265249913
92950000.0	93050000.0	0.793426601618
93050000.0	93150000.0	0.772096416874
93100000.0	93200000.0	0.774591652071
93150000.0	93250000.0	0.625847014481
93200000.0	93300000.0	0.853183427613
93350000.0	93450000.0	0.816750498735
93450000.0	93550000.0	0.854773421092
93500000.0	93600000.0	0.895628398743
94050000.0	94150000.0	0.848675047386
95200000.0	95300000.0	0.869063992304
95250000.0	95350000.0	0.870927114937
95350000.0	95450000.0	0.845236615319
95700000.0	95800000.0	0.854720531413
95750000.0	95850000.0	0.862960694007
96400000.0	96500000.0	0.882347063643
96500000.0	96600000.0	0.799397944508
96550000.0	96650000.0	0.851157588711
96650000.0	96750000.0	0.885688480428
96750000.0	96850000.0	0.868117031253
96800000.0	96900000.0	0.885574154762
96850000.0	96950000.0	0.878287208864
96900000.0	97000000.0	0.880899488613
97300000.0	97400000.0	0.862563882737
97450000.0	97550000.0	0.858097372228
97500000.0	97600000.0	0.851620497682
97550000.0	97650000.0	0.836721808631
98050000.0	98150000.0	0.867784663412
98250000.0	98350000.0	0.848573715619
98350000.0	98450000.0	0.882394326243
98400000.0	98500000.0	0.840747613792
98650000.0	98750000.0	0.867415404769
98750000.0	98850000.0	0.815265688991
98800000.0	98900000.0	0.883877858449
98850000.0	98950000.0	0.8952350344
99800000.0	99900000.0	0.799110149406
99900000.0	100000000.0	0.885732663257
100000000.0	100100000.0	0.609498080862
100050000.0	100150000.0	0.823803210431
100400000.0	100500000.0	0.873732246551
100450000.0	100550000.0	0.863657842436
100500000.0	100600000.0	0.885420213629
100650000.0	100750000.0	0.83341976646
100850000.0	100950000.0	0.80050023605
100950000.0	101050000.0	0.794249068391
101150000.0	101250000.0	0.856120746972
101500000.0	101600000.0	0.840420104865
101550000.0	101650000.0	0.889530156787
101950000.0	102050000.0	0.885307209191
102100000.0	102200000.0	0.880578630271
102500000.0	102600000.0	0.818455164066
102550000.0	102650000.0	0.826874461186
102850000.0	102950000.0	0.852045908751
103150000.0	103250000.0	0.896457787734
103600000.0	103700000.0	0.891262299407
104400000.0	104500000.0	0.860382427583
105200000.0	105300000.0	0.773410228268
105350000.0	105450000.0	0.820936075454
105450000.0	105550000.0	0.889817491337
105800000.0	105900000.0	0.835472577861
105950000.0	106050000.0	0.842329905417
106350000.0	106450000.0	0.79810083329
106400000.0	106500000.0	0.809589473156
106450000.0	106550000.0	0.884852461938
106600000.0	106700000.0	0.859383812523
106900000.0	107000000.0	0.797549460279
107050000.0	107150000.0	0.831204636205
107100000.0	107200000.0	0.894219875595
107150000.0	107250000.0	0.877090594991
107200000.0	107300000.0	0.759061748546
107250000.0	107350000.0	0.865183622661
107300000.0	107400000.0	0.850667353651
107400000.0	107500000.0	0.894851672316
107450000.0	107550000.0	0.85841650543
107550000.0	107650000.0	0.882868201344
107700000.0	107800000.0	0.84237235006
107750000.0	107850000.0	0.84811696772
107900000.0	108000000.0	0.665646280564
107950000.0	108050000.0	0.875234079715
108000000.0	108100000.0	0.873568640856
108150000.0	108250000.0	0.780319497698
108250000.0	108350000.0	0.86425219509
108550000.0	108650000.0	0.8828354313
109050000.0	109150000.0	0.850500194841
109150000.0	109250000.0	0.892171732349
109200000.0	109300000.0	0.851235141111
109300000.0	109400000.0	0.892069637118
109450000.0	109550000.0	0.783252006949
109500000.0	109600000.0	0.86764542099
109600000.0	109700000.0	0.893120735362
109700000.0	109800000.0	0.874849825821
109800000.0	109900000.0	0.886208994026
109850000.0	109950000.0	0.743664653613
109950000.0	110050000.0	0.818816822656
110000000.0	110100000.0	0.689755045365
110050000.0	110150000.0	0.763628527919
110100000.0	110200000.0	0.886933785158
110150000.0	110250000.0	0.797570533747
110250000.0	110350000.0	0.884646315699
110300000.0	110400000.0	0.757808775296
110500000.0	110600000.0	0.888262665591
110600000.0	110700000.0	0.874677479465
110700000.0	110800000.0	0.898732923719
110900000.0	111000000.0	0.796510640466
110950000.0	111050000.0	0.880599564019
111350000.0	111450000.0	0.854831924258
111450000.0	111550000.0	0.884006650818
111500000.0	111600000.0	0.813516728646
111550000.0	111650000.0	0.81336163296
111650000.0	111750000.0	0.88287725013
112050000.0	112150000.0	0.812202566597
112100000.0	112200000.0	0.800895608685
112150000.0	112250000.0	0.851779154546
112400000.0	112500000.0	0.83991144848
112550000.0	112650000.0	0.879666135377
112700000.0	112800000.0	0.85456144331
112850000.0	112950000.0	0.388277602486
112900000.0	113000000.0	0.876915356433
113200000.0	113300000.0	0.785316219209
113250000.0	113350000.0	0.818532654893
113300000.0	113400000.0	0.891552832697
113350000.0	113450000.0	0.759575617254
113500000.0	113600000.0	0.877949753737
113550000.0	113650000.0	0.889240462017
113650000.0	113750000.0	0.884520204078
113750000.0	113850000.0	0.861524322374
113800000.0	113900000.0	0.865316128303
113850000.0	113950000.0	0.853166778537
113950000.0	114050000.0	0.850498823212
114000000.0	114100000.0	0.88297111704
114550000.0	114650000.0	0.831049239108
114800000.0	114900000.0	0.707051876984
114900000.0	115000000.0	0.83675193737
114950000.0	115050000.0	0.89477901376
115000000.0	115100000.0	0.823838738158
115100000.0	115200000.0	0.872556414182
115200000.0	115300000.0	0.744955365376
115350000.0	115450000.0	0.770359316833
115800000.0	115900000.0	0.893123003196
115900000.0	116000000.0	0.892307934033
116900000.0	117000000.0	0.838670627335
116950000.0	117050000.0	0.847838402967
117050000.0	117150000.0	0.715789043679
117100000.0	117200000.0	0.840875887889
117150000.0	117250000.0	0.825125944337
117200000.0	117300000.0	0.89390218798
117500000.0	117600000.0	0.857882535218
117600000.0	117700000.0	0.812115260293
117700000.0	117800000.0	0.723057571066
117750000.0	117850000.0	0.771322293466
117800000.0	117900000.0	0.870970606541
117850000.0	117950000.0	0.874984350057
118350000.0	118450000.0	0.87843478339
118850000.0	118950000.0	0.894131378143
119300000.0	119400000.0	0.830374041283
119350000.0	119450000.0	0.815475171702
119400000.0	119500000.0	0.609747915421
119450000.0	119550000.0	0.802028558459
119500000.0	119600000.0	0.89453033175
119550000.0	119650000.0	0.725572982952
119700000.0	119800000.0	0.882086637381
119750000.0	119850000.0	0.695237763707
119800000.0	119900000.0	0.722719416657
120050000.0	120150000.0	0.865312114554
121900000.0	122000000.0	0.895176526235
122000000.0	122100000.0	0.885829755762
122150000.0	122250000.0	0.895934482396
122500000.0	122600000.0	0.872196444444
122600000.0	122700000.0	0.814821392873
122650000.0	122750000.0	0.86605098184
123050000.0	123150000.0	0.854338034573
123300000.0	123400000.0	0.889703059869
123350000.0	123450000.0	0.880683213234
123850000.0	123950000.0	0.898462304613
124000000.0	124100000.0	0.873230155432
124050000.0	124150000.0	0.852869845301
124300000.0	124400000.0	0.703727795839
124350000.0	124450000.0	0.813843431731
124400000.0	124500000.0	0.80263018518
124550000.0	124650000.0	0.843530600749
124600000.0	124700000.0	0.878458017017
124750000.0	124850000.0	0.887948446522
124900000.0	125000000.0	0.716634695116
125150000.0	125250000.0	0.72248814124
125250000.0	125350000.0	0.865163055475
125300000.0	125400000.0	0.882239751666
125450000.0	125550000.0	0.892140412606
125800000.0	125900000.0	0.465606690856
125850000.0	125950000.0	0.207743348762
125900000.0	126000000.0	0.705043150762
126050000.0	126150000.0	0.847579078351
126350000.0	126450000.0	0.763339981811
126800000.0	126900000.0	0.677894218334
127150000.0	127250000.0	0.741202133624
127250000.0	127350000.0	0.852344964376
127350000.0	127450000.0	0.895154579668
127450000.0	127550000.0	0.895920379985
127550000.0	127650000.0	0.883875069025
127750000.0	127850000.0	0.879869404299
127950000.0	128050000.0	0.893452590159
128000000.0	128100000.0	0.699341094242
128050000.0	128150000.0	0.835790602335
128150000.0	128250000.0	0.837603944105
128250000.0	128350000.0	0.885536512669
128300000.0	128400000.0	0.794136130724
128500000.0	128600000.0	0.889789218655
128550000.0	128650000.0	0.579762800257
128600000.0	128700000.0	0.145909451841
128650000.0	128750000.0	0.0
128700000.0	128800000.0	0.201255543938
128750000.0	128850000.0	0.699306580301
128900000.0	129000000.0	0.825154167199
128950000.0	129050000.0	0.869862145411
129450000.0	129550000.0	0.873471319766
129550000.0	129650000.0	0.825440876941
129650000.0	129750000.0	0.656462473676
129700000.0	129800000.0	0.851639671543
129900000.0	130000000.0	0.824778815045
130000000.0	130100000.0	0.897114276963
130100000.0	130200000.0	0.812837950985
130250000.0	130350000.0	0.872281934017
130300000.0	130400000.0	0.795593557747
130350000.0	130450000.0	0.692015566892
130400000.0	130500000.0	0.875609191513
130450000.0	130550000.0	0.865294741875
130550000.0	130650000.0	0.789498516648
130600000.0	130700000.0	0.842854087116
130650000.0	130750000.0	0.641790686306
130750000.0	130850000.0	0.738660184547
130950000.0	131050000.0	0.69180989929
131000000.0	131100000.0	0.747684003635
131050000.0	131150000.0	0.803075670265
131100000.0	131200000.0	0.83597249998
131150000.0	131250000.0	0.50275868927
131250000.0	131350000.0	0.886563319513
131350000.0	131450000.0	0.737454731564
131400000.0	131500000.0	0.837090283486
131450000.0	131550000.0	0.867310826683
131500000.0	131600000.0	0.637952405445
131550000.0	131650000.0	0.782272338438
131700000.0	131800000.0	0.83966445063
131750000.0	131850000.0	0.645129718407
131800000.0	131900000.0	0.69474806277
132050000.0	132150000.0	0.649902335823
132100000.0	132200000.0	0.862507176262
132300000.0	132400000.0	0.85550029117
132400000.0	132500000.0	0.838666152819
132500000.0	132600000.0	0.807176826874
133250000.0	133350000.0	0.807522487349
133300000.0	133400000.0	0.746936263748
133350000.0	133450000.0	0.341272338629
133400000.0	133500000.0	0.638499090298
133500000.0	133600000.0	0.790285719222
133600000.0	133700000.0	0.363214680656
133650000.0	133750000.0	0.408483436965
133700000.0	133800000.0	0.683420405755
133850000.0	133950000.0	0.863291049575
133950000.0	134050000.0	0.763372446578
134050000.0	134150000.0	0.851744990885
134350000.0	134450000.0	0.840418878924
134550000.0	134650000.0	0.899861297427
135000000.0	135100000.0	0.815692628122
135150000.0	135250000.0	0.870963562717
135200000.0	135300000.0	0.854553907131
135300000.0	135400000.0	0.80811839182
135350000.0	135450000.0	0.813272754198
135400000.0	135500000.0	0.608082179893
