start	end	avg.score
0.0	100000.0	0.250558651136
50000.0	150000.0	0.21563436662
100000.0	200000.0	0.0955387353921
150000.0	250000.0	0.069187834697
200000.0	300000.0	0.0588289214296
250000.0	350000.0	0.0520319025347
300000.0	400000.0	0.0971297146687
350000.0	450000.0	0.143183640482
400000.0	500000.0	0.11338019794
450000.0	550000.0	0.0996748861785
500000.0	600000.0	0.165976693179
550000.0	650000.0	0.170991600456
600000.0	700000.0	0.125877051525
650000.0	750000.0	0.265426081977
700000.0	800000.0	0.551452264641
750000.0	850000.0	0.778912178513
850000.0	950000.0	0.842076020027
1100000.0	1200000.0	0.897361513377
1150000.0	1250000.0	0.847987526099
1350000.0	1450000.0	0.8837871779
1400000.0	1500000.0	0.869206229343
1500000.0	1600000.0	0.8721993334
1550000.0	1650000.0	0.721114042528
1600000.0	1700000.0	0.774947098357
1650000.0	1750000.0	0.899339975238
1850000.0	1950000.0	0.884392230386
2000000.0	2100000.0	0.87608443365
2250000.0	2350000.0	0.845693084603
2400000.0	2500000.0	0.809677490582
2450000.0	2550000.0	0.781487413326
2500000.0	2600000.0	0.871009403122
2550000.0	2650000.0	0.551999340204
2600000.0	2700000.0	0.278607185096
2650000.0	2750000.0	0.608148384874
2800000.0	2900000.0	0.83324766677
2900000.0	3000000.0	0.897195484033
2950000.0	3050000.0	0.899033118574
3050000.0	3150000.0	0.695181345523
3150000.0	3250000.0	0.773816258762
3250000.0	3350000.0	0.892706476119
3300000.0	3400000.0	0.574065540691
3450000.0	3550000.0	0.727743773158
3550000.0	3650000.0	0.892281128954
3600000.0	3700000.0	0.887655222465
3800000.0	3900000.0	0.435593720099
3850000.0	3950000.0	0.0
3900000.0	4000000.0	0.036200461427
3950000.0	4050000.0	0.534225128549
4000000.0	4100000.0	0.878505204573
4250000.0	4350000.0	0.897583324375
4450000.0	4550000.0	0.856560383052
4750000.0	4850000.0	0.847312020187
4850000.0	4950000.0	0.870633734479
5000000.0	5100000.0	0.653431500298
5050000.0	5150000.0	0.792651147068
5150000.0	5250000.0	0.899451510414
5200000.0	5300000.0	0.859030277563
5250000.0	5350000.0	0.791637812623
5300000.0	5400000.0	0.874564141057
5450000.0	5550000.0	0.805461636148
5500000.0	5600000.0	0.824468472703
5750000.0	5850000.0	0.873813325992
5800000.0	5900000.0	0.826346365999
6050000.0	6150000.0	0.843417957997
6150000.0	6250000.0	0.77801063273
6300000.0	6400000.0	0.826321491105
7150000.0	7250000.0	0.893015530113
7350000.0	7450000.0	0.884744410602
7400000.0	7500000.0	0.892100522946
7500000.0	7600000.0	0.774677637617
7700000.0	7800000.0	0.802984618199
7750000.0	7850000.0	0.812383166964
8150000.0	8250000.0	0.894059789541
8650000.0	8750000.0	0.854564931422
8700000.0	8800000.0	0.889038722063
9300000.0	9400000.0	0.803384989479
9650000.0	9750000.0	0.88432234832
10550000.0	10650000.0	0.899030858906
10650000.0	10750000.0	0.896021102768
10750000.0	10850000.0	0.785756207137
10850000.0	10950000.0	0.876664171597
11100000.0	11200000.0	0.882108845989
11750000.0	11850000.0	0.894453162619
12500000.0	12600000.0	0.835854314874
12800000.0	12900000.0	0.751228951082
12850000.0	12950000.0	0.606042994833
12900000.0	13000000.0	0.44796577384
12950000.0	13050000.0	0.337096884423
13000000.0	13100000.0	0.164759071268
13050000.0	13150000.0	0.159039800291
13100000.0	13200000.0	0.465302962361
13150000.0	13250000.0	0.39614958828
13200000.0	13300000.0	0.0742165898
13250000.0	13350000.0	0.0973733403408
13300000.0	13400000.0	0.266991705351
13350000.0	13450000.0	0.311025308308
13400000.0	13500000.0	0.355756396102
13450000.0	13550000.0	0.459901205129
13500000.0	13600000.0	0.282746411987
13550000.0	13650000.0	0.147597377714
13600000.0	13700000.0	0.30170447279
13650000.0	13750000.0	0.41599763025
13700000.0	13800000.0	0.5866658427
13750000.0	13850000.0	0.845474428151
14650000.0	14750000.0	0.884398704744
14800000.0	14900000.0	0.820666186408
15400000.0	15500000.0	0.874470043055
16800000.0	16900000.0	0.652260735786
16850000.0	16950000.0	0.575074489094
16900000.0	17000000.0	0.636788251877
16950000.0	17050000.0	0.733847677061
17000000.0	17100000.0	0.684340030976
17050000.0	17150000.0	0.399696743957
17100000.0	17200000.0	0.254827245551
17150000.0	17250000.0	0.536730341598
17200000.0	17300000.0	0.889914940031
18150000.0	18250000.0	0.82982301705
18250000.0	18350000.0	0.870424360123
18300000.0	18400000.0	0.801470830016
18450000.0	18550000.0	0.863730846826
18500000.0	18600000.0	0.79760142225
18600000.0	18700000.0	0.863297163187
18700000.0	18800000.0	0.857115877171
18950000.0	19050000.0	0.671493808847
19200000.0	19300000.0	0.857464715678
19450000.0	19550000.0	0.803251372557
20300000.0	20400000.0	0.885896028743
20800000.0	20900000.0	0.659102188904
21050000.0	21150000.0	0.863810187239
21650000.0	21750000.0	0.884610346156
21700000.0	21800000.0	0.85771813248
21750000.0	21850000.0	0.874325465124
22250000.0	22350000.0	0.876308985087
22300000.0	22400000.0	0.892687909784
22850000.0	22950000.0	0.890995279456
23150000.0	23250000.0	0.846757957989
24300000.0	24400000.0	0.852267409195
24650000.0	24750000.0	0.873832650294
25100000.0	25200000.0	0.884124433206
25250000.0	25350000.0	0.699323420837
25300000.0	25400000.0	0.723131592
25500000.0	25600000.0	0.879547492033
25550000.0	25650000.0	0.778684358324
25600000.0	25700000.0	0.746183177872
25650000.0	25750000.0	0.73420435669
25700000.0	25800000.0	0.843063517622
25850000.0	25950000.0	0.897472274194
25900000.0	26000000.0	0.889134403256
27050000.0	27150000.0	0.837103684246
29750000.0	29850000.0	0.878174374349
29800000.0	29900000.0	0.725249967074
29850000.0	29950000.0	0.226469158217
29900000.0	30000000.0	0.0
29950000.0	30050000.0	0.06578970247
30000000.0	30100000.0	0.560888378482
30250000.0	30350000.0	0.849964401971
30400000.0	30500000.0	0.894568344402
30500000.0	30600000.0	0.87745074996
30850000.0	30950000.0	0.837107605152
30900000.0	31000000.0	0.763881852058
31000000.0	31100000.0	0.554708973656
31100000.0	31200000.0	0.844158910224
31150000.0	31250000.0	0.80152101992
31200000.0	31300000.0	0.751650170373
31350000.0	31450000.0	0.768867528829
32200000.0	32300000.0	0.562607142097
32250000.0	32350000.0	0.811613836602
33350000.0	33450000.0	0.785223905952
33900000.0	34000000.0	0.859317807103
34100000.0	34200000.0	0.874570001036
34150000.0	34250000.0	0.894996368602
34250000.0	34350000.0	0.8294095613
34400000.0	34500000.0	0.642465133151
34500000.0	34600000.0	0.868685271826
34600000.0	34700000.0	0.871986175262
34700000.0	34800000.0	0.829747160425
34800000.0	34900000.0	0.856952779782
34950000.0	35050000.0	0.873446991525
35000000.0	35100000.0	0.737394695926
35150000.0	35250000.0	0.815710625016
35500000.0	35600000.0	0.892510532671
35650000.0	35750000.0	0.884923699807
35900000.0	36000000.0	0.777784278807
36550000.0	36650000.0	0.823921395061
36850000.0	36950000.0	0.887129134033
37300000.0	37400000.0	0.250381032131
37350000.0	37450000.0	0.747359409113
37400000.0	37500000.0	0.759899690241
37500000.0	37600000.0	0.870010543686
37550000.0	37650000.0	0.522299736433
37600000.0	37700000.0	0.868701217477
37700000.0	37800000.0	0.810624817295
37750000.0	37850000.0	0.875949545013
38500000.0	38600000.0	0.883276826244
38550000.0	38650000.0	0.873173883077
38600000.0	38700000.0	0.889968700869
38650000.0	38750000.0	0.872992415532
38750000.0	38850000.0	0.821859431193
38800000.0	38900000.0	0.880904719885
38850000.0	38950000.0	0.74268675785
39000000.0	39100000.0	0.782439394388
39050000.0	39150000.0	0.82760108054
39900000.0	40000000.0	0.881998792214
39950000.0	40050000.0	0.867604801836
40200000.0	40300000.0	0.863428490633
40300000.0	40400000.0	0.830121307258
41250000.0	41350000.0	0.871376463453
41450000.0	41550000.0	0.890084604717
41500000.0	41600000.0	0.882614460148
41750000.0	41850000.0	0.879025027424
41850000.0	41950000.0	0.722983500122
41950000.0	42050000.0	0.499503858989
42000000.0	42100000.0	0.823877026349
42050000.0	42150000.0	0.886485554475
42200000.0	42300000.0	0.896670079496
42400000.0	42500000.0	0.861913418149
42950000.0	43050000.0	0.882826732579
43050000.0	43150000.0	0.882745225735
43300000.0	43400000.0	0.792698476495
43400000.0	43500000.0	0.87886756954
43900000.0	44000000.0	0.755784667515
44000000.0	44100000.0	0.789543611084
44050000.0	44150000.0	0.674505892249
44450000.0	44550000.0	0.894557399132
44700000.0	44800000.0	0.554180266822
44750000.0	44850000.0	0.743339473984
44800000.0	44900000.0	0.831345415354
45550000.0	45650000.0	0.868628128538
45600000.0	45700000.0	0.863617790753
46350000.0	46450000.0	0.803442002783
46400000.0	46500000.0	0.888789324863
46950000.0	47050000.0	0.833928812921
47000000.0	47100000.0	0.845994083074
47150000.0	47250000.0	0.867492332155
47250000.0	47350000.0	0.792825538581
47300000.0	47400000.0	0.770492531456
47350000.0	47450000.0	0.849853374119
47400000.0	47500000.0	0.899206166389
47450000.0	47550000.0	0.834187061291
47500000.0	47600000.0	0.678193514992
47550000.0	47650000.0	0.792412443129
47950000.0	48050000.0	0.792462049747
48100000.0	48200000.0	0.721408406489
48250000.0	48350000.0	0.518827617785
48300000.0	48400000.0	0.59785724852
48400000.0	48500000.0	0.811584427417
48450000.0	48550000.0	0.805472577633
48500000.0	48600000.0	0.846142002793
48550000.0	48650000.0	0.788540582992
48600000.0	48700000.0	0.891367304221
48650000.0	48750000.0	0.841910797198
48700000.0	48800000.0	0.610649437527
48750000.0	48850000.0	0.85914199725
48800000.0	48900000.0	0.764132625182
49100000.0	49200000.0	0.433206673141
49200000.0	49300000.0	0.808999518222
49300000.0	49400000.0	0.867681134805
49400000.0	49500000.0	0.880101633002
49450000.0	49550000.0	0.803357921992
49500000.0	49600000.0	0.700416245673
49550000.0	49650000.0	0.84484301427
49650000.0	49750000.0	0.859556902168
49700000.0	49800000.0	0.872668681539
49900000.0	50000000.0	0.899341022636
50050000.0	50150000.0	0.867260511411
50150000.0	50250000.0	0.882350438033
50200000.0	50300000.0	0.889739701327
50250000.0	50350000.0	0.857757949344
50300000.0	50400000.0	0.889408488257
50350000.0	50450000.0	0.755964505463
50500000.0	50600000.0	0.784726973952
50550000.0	50650000.0	0.846191927977
50650000.0	50750000.0	0.834408389409
51300000.0	51400000.0	0.894428755356
51400000.0	51500000.0	0.828544325645
51550000.0	51650000.0	0.844603539991
51900000.0	52000000.0	0.849512158387
52100000.0	52200000.0	0.866401846165
52200000.0	52300000.0	0.877380081778
52250000.0	52350000.0	0.873502511968
52700000.0	52800000.0	0.859375267012
53550000.0	53650000.0	0.774196643935
53600000.0	53700000.0	0.856381847365
53750000.0	53850000.0	0.536242576134
53800000.0	53900000.0	0.78891917577
53850000.0	53950000.0	0.879185281401
54000000.0	54100000.0	0.831861382203
54050000.0	54150000.0	0.869378254632
54100000.0	54200000.0	0.599511563082
54150000.0	54250000.0	0.758858695427
54800000.0	54900000.0	0.879155689528
54850000.0	54950000.0	0.84953021213
55350000.0	55450000.0	0.889793015474
55500000.0	55600000.0	0.869063354252
55550000.0	55650000.0	0.823062722297
55600000.0	55700000.0	0.729239594914
55650000.0	55750000.0	0.826752443322
55850000.0	55950000.0	0.864933474003
55950000.0	56050000.0	0.891990150424
56000000.0	56100000.0	0.684973530238
56100000.0	56200000.0	0.840733520931
56700000.0	56800000.0	0.877531768035
56750000.0	56850000.0	0.801248715265
56800000.0	56900000.0	0.885470596154
57000000.0	57100000.0	0.774585637922
57250000.0	57350000.0	0.781113255312
57300000.0	57400000.0	0.874630568871
57500000.0	57600000.0	0.8989200215
57600000.0	57700000.0	0.889775828096
57650000.0	57750000.0	0.897603786016
57700000.0	57800000.0	0.878734791855
57850000.0	57950000.0	0.739201936042
58000000.0	58100000.0	0.895100809881
58250000.0	58350000.0	0.875649215625
58450000.0	58550000.0	0.857291995194
58500000.0	58600000.0	0.827194649313
58650000.0	58750000.0	0.88785549825
58700000.0	58800000.0	0.731134799752
58800000.0	58900000.0	0.788617678849
58900000.0	59000000.0	0.785805540452
58950000.0	59050000.0	0.885581673211
59050000.0	59150000.0	0.892242837379
59400000.0	59500000.0	0.770276086547
59650000.0	59750000.0	0.818755468764
59700000.0	59800000.0	0.836655339369
59750000.0	59850000.0	0.885643737267
59850000.0	59950000.0	0.831616088906
59900000.0	60000000.0	0.810786775854
59950000.0	60050000.0	0.879259829517
60000000.0	60100000.0	0.867380257363
60050000.0	60150000.0	0.855481229929
60450000.0	60550000.0	0.893210355344
60500000.0	60600000.0	0.898023329848
60600000.0	60700000.0	0.674600224975
60850000.0	60950000.0	0.750608178825
60900000.0	61000000.0	0.885354797356
60950000.0	61050000.0	0.898393803644
61000000.0	61100000.0	0.812075477859
61050000.0	61150000.0	0.874412251367
61100000.0	61200000.0	0.888665647645
61200000.0	61300000.0	0.893299817752
61250000.0	61350000.0	0.87474606115
61350000.0	61450000.0	0.731399013077
61450000.0	61550000.0	0.881084539139
61550000.0	61650000.0	0.871756409066
61600000.0	61700000.0	0.864477133853
61900000.0	62000000.0	0.670089747169
62000000.0	62100000.0	0.888794037629
62050000.0	62150000.0	0.877707028023
62450000.0	62550000.0	0.878448204241
63100000.0	63200000.0	0.866094349218
63350000.0	63450000.0	0.891254395789
63400000.0	63500000.0	0.862616482142
63900000.0	64000000.0	0.872417585261
63950000.0	64050000.0	0.812865480472
64100000.0	64200000.0	0.891652086368
64350000.0	64450000.0	0.650261946653
64400000.0	64500000.0	0.320622568746
64450000.0	64550000.0	0.817689668553
64500000.0	64600000.0	0.82518213219
64550000.0	64650000.0	0.838278122362
64700000.0	64800000.0	0.879724511097
64800000.0	64900000.0	0.828137794032
64950000.0	65050000.0	0.862429387079
65150000.0	65250000.0	0.827302215556
65800000.0	65900000.0	0.823258820518
65850000.0	65950000.0	0.508222292962
65950000.0	66050000.0	0.841626438571
66000000.0	66100000.0	0.792792817515
66050000.0	66150000.0	0.695240199479
66100000.0	66200000.0	0.843251825328
66300000.0	66400000.0	0.897300807809
66400000.0	66500000.0	0.66082726478
66450000.0	66550000.0	0.716042114102
66500000.0	66600000.0	0.716036420124
66600000.0	66700000.0	0.897193338577
66700000.0	66800000.0	0.789556545999
66750000.0	66850000.0	0.898794358189
66850000.0	66950000.0	0.885041496133
67000000.0	67100000.0	0.668047693828
67100000.0	67200000.0	0.732994844514
67150000.0	67250000.0	0.889454575966
67200000.0	67300000.0	0.899125923907
67400000.0	67500000.0	0.835860086425
67450000.0	67550000.0	0.843160563666
67500000.0	67600000.0	0.852670491536
67600000.0	67700000.0	0.881497018199
68000000.0	68100000.0	0.877174990894
68050000.0	68150000.0	0.86105826487
68200000.0	68300000.0	0.861257730939
68300000.0	68400000.0	0.75661170773
68400000.0	68500000.0	0.890022066855
68600000.0	68700000.0	0.724975930254
69000000.0	69100000.0	0.892548626679
69100000.0	69200000.0	0.870179856757
69300000.0	69400000.0	0.817626239297
69350000.0	69450000.0	0.888978187342
69400000.0	69500000.0	0.675420956066
69500000.0	69600000.0	0.886615901414
69550000.0	69650000.0	0.828727318841
69750000.0	69850000.0	0.8990605102
69900000.0	70000000.0	0.854500150902
70050000.0	70150000.0	0.882532443255
70100000.0	70200000.0	0.834826169581
70200000.0	70300000.0	0.834652554914
70300000.0	70400000.0	0.651402320502
70350000.0	70450000.0	0.879431263932
70400000.0	70500000.0	0.708889052962
70450000.0	70550000.0	0.866811233473
70550000.0	70650000.0	0.85949858772
70600000.0	70700000.0	0.839844912738
70700000.0	70800000.0	0.823462587587
70850000.0	70950000.0	0.885672173049
70950000.0	71050000.0	0.613887019688
71100000.0	71200000.0	0.864150287807
71250000.0	71350000.0	0.84819034945
71550000.0	71650000.0	0.695414456161
71950000.0	72050000.0	0.725369462522
72000000.0	72100000.0	0.825412309628
72050000.0	72150000.0	0.809561478333
72100000.0	72200000.0	0.774847540197
72200000.0	72300000.0	0.833898356457
72250000.0	72350000.0	0.847007878551
72300000.0	72400000.0	0.444918991794
72350000.0	72450000.0	0.895266101937
72650000.0	72750000.0	0.725708832581
72900000.0	73000000.0	0.886297909763
73250000.0	73350000.0	0.893734071463
73350000.0	73450000.0	0.888815424173
73400000.0	73500000.0	0.666135508954
73650000.0	73750000.0	0.879427627624
73800000.0	73900000.0	0.887373982263
74050000.0	74150000.0	0.823456455632
74100000.0	74200000.0	0.824494477804
74200000.0	74300000.0	0.661679601476
74250000.0	74350000.0	0.772351135881
74400000.0	74500000.0	0.666995362647
74450000.0	74550000.0	0.79635004303
74500000.0	74600000.0	0.891844073492
74550000.0	74650000.0	0.822031562981
74900000.0	75000000.0	0.825439018038
75000000.0	75100000.0	0.791339504371
75100000.0	75200000.0	0.634774670572
75300000.0	75400000.0	0.593839443743
75550000.0	75650000.0	0.746927939098
75600000.0	75700000.0	0.81672463168
75650000.0	75750000.0	0.614599264024
75700000.0	75800000.0	0.823087775638
75800000.0	75900000.0	0.865045263385
75900000.0	76000000.0	0.854264676497
76050000.0	76150000.0	0.769479607701
76100000.0	76200000.0	0.880744597441
76150000.0	76250000.0	0.896975470107
76200000.0	76300000.0	0.899014204183
76250000.0	76350000.0	0.778631981759
76550000.0	76650000.0	0.708893004404
76750000.0	76850000.0	0.725117701111
76850000.0	76950000.0	0.899096686958
77050000.0	77150000.0	0.769690163909
77150000.0	77250000.0	0.836933847692
77300000.0	77400000.0	0.892188369564
77350000.0	77450000.0	0.822068954031
77400000.0	77500000.0	0.744464981819
77500000.0	77600000.0	0.57451819805
77900000.0	78000000.0	0.8856676443
78000000.0	78100000.0	0.867821011291
78300000.0	78400000.0	0.885235105534
78600000.0	78700000.0	0.889983594534
78650000.0	78750000.0	0.884137204757
78700000.0	78800000.0	0.877258883678
78900000.0	79000000.0	0.761037406315
79000000.0	79100000.0	0.879672653125
79050000.0	79150000.0	0.770895570725
79100000.0	79200000.0	0.474933524465
79250000.0	79350000.0	0.890082799325
79350000.0	79450000.0	0.80129158838
79450000.0	79550000.0	0.885918828615
79550000.0	79650000.0	0.814532525928
79800000.0	79900000.0	0.842164262434
79900000.0	80000000.0	0.743412315219
79950000.0	80050000.0	0.862926522239
80050000.0	80150000.0	0.87694749613
80100000.0	80200000.0	0.897797078728
80150000.0	80250000.0	0.850648420262
80200000.0	80300000.0	0.830023754692
80300000.0	80400000.0	0.741744924078
80500000.0	80600000.0	0.788056880451
80700000.0	80800000.0	0.455756889553
80850000.0	80950000.0	0.890486650438
80900000.0	81000000.0	0.796977801485
80950000.0	81050000.0	0.876808338474
81000000.0	81100000.0	0.889990583994
81150000.0	81250000.0	0.850109277757
81350000.0	81450000.0	0.517442998773
81400000.0	81500000.0	0.84183021706
81450000.0	81550000.0	0.728911542882
81600000.0	81700000.0	0.559414283856
81750000.0	81850000.0	0.834098258427
81800000.0	81900000.0	0.894426453148
81850000.0	81950000.0	0.86588319917
82050000.0	82150000.0	0.813628586602
82400000.0	82500000.0	0.666872971912
82450000.0	82550000.0	0.738580907877
82500000.0	82600000.0	0.895723551267
82650000.0	82750000.0	0.615683279393
82750000.0	82850000.0	0.883060879757
83000000.0	83100000.0	0.848577404052
83200000.0	83300000.0	0.579083471291
83250000.0	83350000.0	0.854749781423
83300000.0	83400000.0	0.78984753976
83400000.0	83500000.0	0.796436624251
83450000.0	83550000.0	0.818946733989
83550000.0	83650000.0	0.727717349601
83600000.0	83700000.0	0.57679953974
83650000.0	83750000.0	0.57153737544
83700000.0	83800000.0	0.600949046595
83750000.0	83850000.0	0.601652135459
83800000.0	83900000.0	0.593936546611
83850000.0	83950000.0	0.628548412958
83900000.0	84000000.0	0.792900128277
84050000.0	84150000.0	0.751123348059
84100000.0	84200000.0	0.830451146063
84300000.0	84400000.0	0.784443138438
84550000.0	84650000.0	0.82142133331
84600000.0	84700000.0	0.496172655258
84650000.0	84750000.0	0.833247623483
84850000.0	84950000.0	0.89112942568
85150000.0	85250000.0	0.710382553483
85200000.0	85300000.0	0.875643830072
85300000.0	85400000.0	0.847493981285
85350000.0	85450000.0	0.893180948875
85550000.0	85650000.0	0.832817942752
85850000.0	85950000.0	0.896651198169
85900000.0	86000000.0	0.88659934581
86050000.0	86150000.0	0.890478213388
86100000.0	86200000.0	0.874113041267
86200000.0	86300000.0	0.786947356732
86250000.0	86350000.0	0.867040530365
86300000.0	86400000.0	0.628242948195
86350000.0	86450000.0	0.892382024903
86550000.0	86650000.0	0.761492787113
86650000.0	86750000.0	0.789751807849
86700000.0	86800000.0	0.856090477659
86750000.0	86850000.0	0.82931178449
86950000.0	87050000.0	0.867352123137
87000000.0	87100000.0	0.860027129216
87050000.0	87150000.0	0.661777918583
87100000.0	87200000.0	0.814905060349
87550000.0	87650000.0	0.851085188408
87600000.0	87700000.0	0.585176013552
87800000.0	87900000.0	0.722902247524
87850000.0	87950000.0	0.859288001957
88050000.0	88150000.0	0.896339210277
88150000.0	88250000.0	0.857040820701
88250000.0	88350000.0	0.74242961704
88450000.0	88550000.0	0.590375531411
88500000.0	88600000.0	0.871762906039
88600000.0	88700000.0	0.800166016994
88800000.0	88900000.0	0.887182400603
88950000.0	89050000.0	0.878538246028
89000000.0	89100000.0	0.887247404059
89200000.0	89300000.0	0.890010155119
89400000.0	89500000.0	0.893849215148
89450000.0	89550000.0	0.871325839207
89750000.0	89850000.0	0.88410816505
89800000.0	89900000.0	0.865665493685
89850000.0	89950000.0	0.892730530131
89950000.0	90050000.0	0.855453798244
90050000.0	90150000.0	0.681706857614
90100000.0	90200000.0	0.898348618711
90200000.0	90300000.0	0.79357443399
90250000.0	90350000.0	0.871420110157
90300000.0	90400000.0	0.886161207534
90600000.0	90700000.0	0.867845057629
90650000.0	90750000.0	0.633669930471
91000000.0	91100000.0	0.776985764478
91050000.0	91150000.0	0.885436607911
91400000.0	91500000.0	0.810400559613
91450000.0	91550000.0	0.826808408313
91700000.0	91800000.0	0.827609095267
91750000.0	91850000.0	0.845277513607
92650000.0	92750000.0	0.89833232303
93600000.0	93700000.0	0.882044141624
93700000.0	93800000.0	0.881085601562
93900000.0	94000000.0	0.729833248982
94000000.0	94100000.0	0.824830288704
94200000.0	94300000.0	0.881131703205
94250000.0	94350000.0	0.875389530804
94550000.0	94650000.0	0.827862798586
94650000.0	94750000.0	0.875556457394
94700000.0	94800000.0	0.830285641545
94850000.0	94950000.0	0.897964291499
94900000.0	95000000.0	0.895370912674
95000000.0	95100000.0	0.744624553256
95100000.0	95200000.0	0.877761028596
95200000.0	95300000.0	0.802280427119
95750000.0	95850000.0	0.866641154407
95800000.0	95900000.0	0.827088038442
95900000.0	96000000.0	0.805409409782
96150000.0	96250000.0	0.599302012346
96300000.0	96400000.0	0.640793543188
96450000.0	96550000.0	0.809509595514
96500000.0	96600000.0	0.854043250937
96550000.0	96650000.0	0.688004845968
96650000.0	96750000.0	0.781363604696
96700000.0	96800000.0	0.869426860554
96750000.0	96850000.0	0.867920133358
96800000.0	96900000.0	0.870051000625
96850000.0	96950000.0	0.814223876417
96950000.0	97050000.0	0.828453109032
97000000.0	97100000.0	0.778465658294
97050000.0	97150000.0	0.854249776285
97100000.0	97200000.0	0.879947009925
97300000.0	97400000.0	0.864715837837
97550000.0	97650000.0	0.527576117609
97600000.0	97700000.0	0.824984282908
97650000.0	97750000.0	0.806077035042
97750000.0	97850000.0	0.880566111513
97800000.0	97900000.0	0.80917782793
97850000.0	97950000.0	0.885485724264
98500000.0	98600000.0	0.709674449471
98550000.0	98650000.0	0.724178711153
98600000.0	98700000.0	0.799295305242
98650000.0	98750000.0	0.891022439098
98800000.0	98900000.0	0.858031806703
98900000.0	99000000.0	0.881684743332
98950000.0	99050000.0	0.816770392205
99100000.0	99200000.0	0.874426022
99200000.0	99300000.0	0.478457616883
99400000.0	99500000.0	0.80660793203
99700000.0	99800000.0	0.876446532232
99800000.0	99900000.0	0.848031229124
99850000.0	99950000.0	0.891712531248
99950000.0	100050000.0	0.783316433031
100100000.0	100200000.0	0.814620650394
100150000.0	100250000.0	0.852439489915
100350000.0	100450000.0	0.848565080924
100500000.0	100600000.0	0.89734254681
100550000.0	100650000.0	0.833010633578
100600000.0	100700000.0	0.818203063563
100700000.0	100800000.0	0.855940958765
100950000.0	101050000.0	0.836241764536
101000000.0	101100000.0	0.796679459129
101050000.0	101150000.0	0.782230289308
101100000.0	101200000.0	0.893917522999
101250000.0	101350000.0	0.872275839716
101500000.0	101600000.0	0.861083941526
101600000.0	101700000.0	0.889475408625
101700000.0	101800000.0	0.842832236248
101750000.0	101850000.0	0.899784455232
101800000.0	101900000.0	0.82261429513
101900000.0	102000000.0	0.878727126074
101950000.0	102050000.0	0.834560138782
102000000.0	102100000.0	0.788192391963
102050000.0	102150000.0	0.829915087832
102300000.0	102400000.0	0.742465100748
102400000.0	102500000.0	0.88845526094
102550000.0	102650000.0	0.744453963736
102650000.0	102750000.0	0.766384015399
102700000.0	102800000.0	0.886394423909
102750000.0	102850000.0	0.896694452014
102800000.0	102900000.0	0.885060363786
102900000.0	103000000.0	0.898676287668
102950000.0	103050000.0	0.820678314156
103150000.0	103250000.0	0.858065653173
103350000.0	103450000.0	0.767739727625
103400000.0	103500000.0	0.865902809256
103500000.0	103600000.0	0.868598359692
103700000.0	103800000.0	0.878979637541
103750000.0	103850000.0	0.643036448015
103800000.0	103900000.0	0.296050388849
103850000.0	103950000.0	0.152355757486
103900000.0	104000000.0	0.401331569203
103950000.0	104050000.0	0.444074718196
104000000.0	104100000.0	0.705642391761
104050000.0	104150000.0	0.886591333814
104100000.0	104200000.0	0.656246122023
104150000.0	104250000.0	0.437419716411
104200000.0	104300000.0	0.386133684331
104250000.0	104350000.0	0.671005007622
104350000.0	104450000.0	0.846557542907
104500000.0	104600000.0	0.898231083521
104600000.0	104700000.0	0.816858754928
104850000.0	104950000.0	0.820422404714
104900000.0	105000000.0	0.812496214707
105250000.0	105350000.0	0.808743983659
105300000.0	105400000.0	0.734482608922
105350000.0	105450000.0	0.875994039233
105400000.0	105500000.0	0.892704065731
105450000.0	105550000.0	0.899184353182
105550000.0	105650000.0	0.718245154787
105600000.0	105700000.0	0.684102316569
105750000.0	105850000.0	0.879124658084
106000000.0	106100000.0	0.864611420041
106050000.0	106150000.0	0.848840381462
106100000.0	106200000.0	0.778250057557
106350000.0	106450000.0	0.874591020618
106450000.0	106550000.0	0.818331609523
106500000.0	106600000.0	0.897960423143
106600000.0	106700000.0	0.802788837709
106650000.0	106750000.0	0.893010658117
106800000.0	106900000.0	0.688764649209
107150000.0	107250000.0	0.834145363986
107200000.0	107300000.0	0.871245173617
107250000.0	107350000.0	0.870057087805
107500000.0	107600000.0	0.681691086661
107900000.0	108000000.0	0.8114235621
107950000.0	108050000.0	0.521764176296
108000000.0	108100000.0	0.873539954469
108150000.0	108250000.0	0.733433965912
108650000.0	108750000.0	0.871801884805
108700000.0	108800000.0	0.685897523898
108750000.0	108850000.0	0.51311645123
108800000.0	108900000.0	0.603119224403
108850000.0	108950000.0	0.583583126556
108900000.0	109000000.0	0.469403417127
108950000.0	109050000.0	0.555461175151
109000000.0	109100000.0	0.775944174976
109050000.0	109150000.0	0.862972028464
109100000.0	109200000.0	0.791723783678
109400000.0	109500000.0	0.891422660926
109850000.0	109950000.0	0.869743081051
110200000.0	110300000.0	0.850380241001
110300000.0	110400000.0	0.871002205892
110450000.0	110550000.0	0.866691852865
110600000.0	110700000.0	0.83991499982
110650000.0	110750000.0	0.755478899757
110750000.0	110850000.0	0.588756457488
111150000.0	111250000.0	0.76693705802
112400000.0	112500000.0	0.711836706729
112500000.0	112600000.0	0.846656218427
112600000.0	112700000.0	0.821105206285
112650000.0	112750000.0	0.88516425489
112700000.0	112800000.0	0.846167101415
112750000.0	112850000.0	0.870674597219
112800000.0	112900000.0	0.774079737604
112850000.0	112950000.0	0.681695819136
113050000.0	113150000.0	0.799476924164
113250000.0	113350000.0	0.795226051114
113750000.0	113850000.0	0.815508961678
113850000.0	113950000.0	0.873162797195
113950000.0	114050000.0	0.859661944914
114000000.0	114100000.0	0.868875571137
114100000.0	114200000.0	0.881414998614
114500000.0	114600000.0	0.892789234503
114650000.0	114750000.0	0.837794054468
114700000.0	114800000.0	0.816349163239
114750000.0	114850000.0	0.751795550731
114800000.0	114900000.0	0.508286947104
115050000.0	115150000.0	0.89431831232
115600000.0	115700000.0	0.646226448163
115750000.0	115850000.0	0.697280992663
115800000.0	115900000.0	0.83004266666
116100000.0	116200000.0	0.848535493997
116300000.0	116400000.0	0.850889285747
116450000.0	116550000.0	0.894521861732
116500000.0	116600000.0	0.894329022043
116550000.0	116650000.0	0.836746544197
116800000.0	116900000.0	0.856912455481
117050000.0	117150000.0	0.899236302612
117100000.0	117200000.0	0.742805644902
117150000.0	117250000.0	0.824815554541
117250000.0	117350000.0	0.897554418545
117450000.0	117550000.0	0.797995547943
117750000.0	117850000.0	0.882414841507
117850000.0	117950000.0	0.881666493513
117950000.0	118050000.0	0.802527550586
118000000.0	118100000.0	0.878913564992
118150000.0	118250000.0	0.670620202519
118200000.0	118300000.0	0.871266772008
118250000.0	118350000.0	0.848252047906
118350000.0	118450000.0	0.76393989891
118450000.0	118550000.0	0.859711778618
118550000.0	118650000.0	0.749526615436
118750000.0	118850000.0	0.8777179036
118800000.0	118900000.0	0.673460051341
118900000.0	119000000.0	0.86015659574
119000000.0	119100000.0	0.699076538045
119050000.0	119150000.0	0.862965812514
119100000.0	119200000.0	0.805833292149
119150000.0	119250000.0	0.884518386379
119200000.0	119300000.0	0.804145202224
119300000.0	119400000.0	0.864399166172
119350000.0	119450000.0	0.892541040694
119550000.0	119650000.0	0.84982360508
119650000.0	119750000.0	0.874500927972
119850000.0	119950000.0	0.885647338411
120000000.0	120100000.0	0.854228390118
120050000.0	120150000.0	0.874988154841
120200000.0	120300000.0	0.853717389974
120300000.0	120400000.0	0.895988668414
120450000.0	120550000.0	0.678739345572
120500000.0	120600000.0	0.530387156722
120550000.0	120650000.0	0.549853418772
120600000.0	120700000.0	0.545673958699
120650000.0	120750000.0	0.267978382194
120700000.0	120800000.0	0.235445583501
120750000.0	120850000.0	0.409361060823
120800000.0	120900000.0	0.353371445419
120850000.0	120950000.0	0.314965654308
120900000.0	121000000.0	0.150386353421
120950000.0	121050000.0	0.0
121000000.0	121100000.0	0.0490434736729
121050000.0	121150000.0	0.27380261422
121100000.0	121200000.0	0.687032982088
121200000.0	121300000.0	0.85446638179
121250000.0	121350000.0	0.794248542179
121300000.0	121400000.0	0.55002365334
121350000.0	121450000.0	0.197949881564
121400000.0	121500000.0	0.1348046972
121450000.0	121550000.0	0.0773713041616
121500000.0	121600000.0	0.0
121550000.0	121650000.0	0.0
121600000.0	121700000.0	0.0
121650000.0	121750000.0	0.0
121700000.0	121800000.0	0.0
121750000.0	121850000.0	0.0
121800000.0	121900000.0	0.0
121850000.0	121950000.0	0.0
121900000.0	122000000.0	0.0
121950000.0	122050000.0	0.0
122000000.0	122100000.0	0.0
122050000.0	122150000.0	0.0
122100000.0	122200000.0	0.0
122150000.0	122250000.0	0.0
122200000.0	122300000.0	0.0
122250000.0	122350000.0	0.0
122300000.0	122400000.0	0.0
122350000.0	122450000.0	0.0
122400000.0	122500000.0	0.0
122450000.0	122550000.0	0.0
122500000.0	122600000.0	0.0
122550000.0	122650000.0	0.0
122600000.0	122700000.0	0.0
122650000.0	122750000.0	0.0
122700000.0	122800000.0	0.0
122750000.0	122850000.0	0.0
122800000.0	122900000.0	0.0
122850000.0	122950000.0	0.0
122900000.0	123000000.0	0.0
122950000.0	123050000.0	0.0
123000000.0	123100000.0	0.0
123050000.0	123150000.0	0.0
123100000.0	123200000.0	0.0
123150000.0	123250000.0	0.0
123200000.0	123300000.0	0.0
123250000.0	123350000.0	0.0
123300000.0	123400000.0	0.0
123350000.0	123450000.0	0.0
123400000.0	123500000.0	0.0
123450000.0	123550000.0	0.0
123500000.0	123600000.0	0.0
123550000.0	123650000.0	0.0
123600000.0	123700000.0	0.0
123650000.0	123750000.0	0.0
123700000.0	123800000.0	0.0
123750000.0	123850000.0	0.0
123800000.0	123900000.0	0.0
123850000.0	123950000.0	0.0
123900000.0	124000000.0	0.0
123950000.0	124050000.0	0.0
124000000.0	124100000.0	0.0
124050000.0	124150000.0	0.0
124100000.0	124200000.0	0.0
124150000.0	124250000.0	0.0
124200000.0	124300000.0	0.0
124250000.0	124350000.0	0.0
124300000.0	124400000.0	0.0
124350000.0	124450000.0	0.0
124400000.0	124500000.0	0.0
124450000.0	124550000.0	0.0
124500000.0	124600000.0	0.0
124550000.0	124650000.0	0.0
124600000.0	124700000.0	0.0
124650000.0	124750000.0	0.0
124700000.0	124800000.0	0.0
124750000.0	124850000.0	0.0
124800000.0	124900000.0	0.0
124850000.0	124950000.0	0.0
124900000.0	125000000.0	0.0
124950000.0	125050000.0	0.0
125000000.0	125100000.0	0.0
125050000.0	125150000.0	0.0
125100000.0	125200000.0	0.0
125150000.0	125250000.0	0.0
125200000.0	125300000.0	0.0
125250000.0	125350000.0	0.0
125300000.0	125400000.0	0.0
125350000.0	125450000.0	0.0
125400000.0	125500000.0	0.0
125450000.0	125550000.0	0.0
125500000.0	125600000.0	0.0
125550000.0	125650000.0	0.0
125600000.0	125700000.0	0.0
125650000.0	125750000.0	0.0
125700000.0	125800000.0	0.0
125750000.0	125850000.0	0.0
125800000.0	125900000.0	0.0
125850000.0	125950000.0	0.0
125900000.0	126000000.0	0.0
125950000.0	126050000.0	0.0
126000000.0	126100000.0	0.0
126050000.0	126150000.0	0.0
126100000.0	126200000.0	0.0
126150000.0	126250000.0	0.0
126200000.0	126300000.0	0.0
126250000.0	126350000.0	0.0
126300000.0	126400000.0	0.0
126350000.0	126450000.0	0.0
126400000.0	126500000.0	0.0
126450000.0	126550000.0	0.0
126500000.0	126600000.0	0.0
126550000.0	126650000.0	0.0
126600000.0	126700000.0	0.0
126650000.0	126750000.0	0.0
126700000.0	126800000.0	0.0
126750000.0	126850000.0	0.0
126800000.0	126900000.0	0.0
126850000.0	126950000.0	0.0
126900000.0	127000000.0	0.0
126950000.0	127050000.0	0.0
127000000.0	127100000.0	0.0
127050000.0	127150000.0	0.0
127100000.0	127200000.0	0.0
127150000.0	127250000.0	0.0
127200000.0	127300000.0	0.0
127250000.0	127350000.0	0.0
127300000.0	127400000.0	0.0
127350000.0	127450000.0	0.0
127400000.0	127500000.0	0.0
127450000.0	127550000.0	0.0
127500000.0	127600000.0	0.0
127550000.0	127650000.0	0.0
127600000.0	127700000.0	0.0
127650000.0	127750000.0	0.0
127700000.0	127800000.0	0.0
127750000.0	127850000.0	0.0
127800000.0	127900000.0	0.0
127850000.0	127950000.0	0.0
127900000.0	128000000.0	0.0
127950000.0	128050000.0	0.0
128000000.0	128100000.0	0.0
128050000.0	128150000.0	0.0
128100000.0	128200000.0	0.0
128150000.0	128250000.0	0.0
128200000.0	128300000.0	0.0
128250000.0	128350000.0	0.0
128300000.0	128400000.0	0.0
128350000.0	128450000.0	0.0
128400000.0	128500000.0	0.0
128450000.0	128550000.0	0.0
128500000.0	128600000.0	0.0
128550000.0	128650000.0	0.0
128600000.0	128700000.0	0.0
128650000.0	128750000.0	0.0
128700000.0	128800000.0	0.0
128750000.0	128850000.0	0.0
128800000.0	128900000.0	0.0
128850000.0	128950000.0	0.0
128900000.0	129000000.0	0.0
128950000.0	129050000.0	0.0
129000000.0	129100000.0	0.0
129050000.0	129150000.0	0.0
129100000.0	129200000.0	0.0
129150000.0	129250000.0	0.0
129200000.0	129300000.0	0.0
129250000.0	129350000.0	0.0
129300000.0	129400000.0	0.0
129350000.0	129450000.0	0.0
129400000.0	129500000.0	0.0
129450000.0	129550000.0	0.0
129500000.0	129600000.0	0.0
129550000.0	129650000.0	0.0
129600000.0	129700000.0	0.0
129650000.0	129750000.0	0.0
129700000.0	129800000.0	0.0
129750000.0	129850000.0	0.0
129800000.0	129900000.0	0.0
129850000.0	129950000.0	0.0
129900000.0	130000000.0	0.0
129950000.0	130050000.0	0.0
130000000.0	130100000.0	0.0
130050000.0	130150000.0	0.0
130100000.0	130200000.0	0.0
130150000.0	130250000.0	0.0
130200000.0	130300000.0	0.0
130250000.0	130350000.0	0.0
130300000.0	130400000.0	0.0
130350000.0	130450000.0	0.0
130400000.0	130500000.0	0.0
130450000.0	130550000.0	0.0
130500000.0	130600000.0	0.0
130550000.0	130650000.0	0.0
130600000.0	130700000.0	0.0
130650000.0	130750000.0	0.0
130700000.0	130800000.0	0.0
130750000.0	130850000.0	0.0
130800000.0	130900000.0	0.0
130850000.0	130950000.0	0.0
130900000.0	131000000.0	0.0
130950000.0	131050000.0	0.0
131000000.0	131100000.0	0.0
131050000.0	131150000.0	0.0
131100000.0	131200000.0	0.0
131150000.0	131250000.0	0.0
131200000.0	131300000.0	0.0
131250000.0	131350000.0	0.0
131300000.0	131400000.0	0.0
131350000.0	131450000.0	0.0
131400000.0	131500000.0	0.0
131450000.0	131550000.0	0.0
131500000.0	131600000.0	0.0
131550000.0	131650000.0	0.0
131600000.0	131700000.0	0.0
131650000.0	131750000.0	0.0
131700000.0	131800000.0	0.0
131750000.0	131850000.0	0.0
131800000.0	131900000.0	0.0
131850000.0	131950000.0	0.0
131900000.0	132000000.0	0.0
131950000.0	132050000.0	0.0
132000000.0	132100000.0	0.0
132050000.0	132150000.0	0.0
132100000.0	132200000.0	0.0
132150000.0	132250000.0	0.0
132200000.0	132300000.0	0.0
132250000.0	132350000.0	0.0
132300000.0	132400000.0	0.0
132350000.0	132450000.0	0.0
132400000.0	132500000.0	0.0
132450000.0	132550000.0	0.0
132500000.0	132600000.0	0.0
132550000.0	132650000.0	0.0
132600000.0	132700000.0	0.0
132650000.0	132750000.0	0.0
132700000.0	132800000.0	0.0
132750000.0	132850000.0	0.0
132800000.0	132900000.0	0.0
132850000.0	132950000.0	0.0
132900000.0	133000000.0	0.0
132950000.0	133050000.0	0.0
133000000.0	133100000.0	0.0
133050000.0	133150000.0	0.0
133100000.0	133200000.0	0.0
133150000.0	133250000.0	0.0
133200000.0	133300000.0	0.0
133250000.0	133350000.0	0.0
133300000.0	133400000.0	0.0
133350000.0	133450000.0	0.0
133400000.0	133500000.0	0.0
133450000.0	133550000.0	0.0
133500000.0	133600000.0	0.0
133550000.0	133650000.0	0.0
133600000.0	133700000.0	0.0
133650000.0	133750000.0	0.0
133700000.0	133800000.0	0.0
133750000.0	133850000.0	0.0
133800000.0	133900000.0	0.0
133850000.0	133950000.0	0.0
133900000.0	134000000.0	0.0
133950000.0	134050000.0	0.0
134000000.0	134100000.0	0.0
134050000.0	134150000.0	0.0
134100000.0	134200000.0	0.0
134150000.0	134250000.0	0.0
134200000.0	134300000.0	0.0
134250000.0	134350000.0	0.0
134300000.0	134400000.0	0.0
134350000.0	134450000.0	0.0
134400000.0	134500000.0	0.0
134450000.0	134550000.0	0.0
134500000.0	134600000.0	0.0
134550000.0	134650000.0	0.0
134600000.0	134700000.0	0.0
134650000.0	134750000.0	0.0
134700000.0	134800000.0	0.0
134750000.0	134850000.0	0.0
134800000.0	134900000.0	0.0
134850000.0	134950000.0	0.0
134900000.0	135000000.0	0.0
134950000.0	135050000.0	0.0
135000000.0	135100000.0	0.0
135050000.0	135150000.0	0.0
135100000.0	135200000.0	0.0
135150000.0	135250000.0	0.0
135200000.0	135300000.0	0.0
135250000.0	135350000.0	0.0
135300000.0	135400000.0	0.0
135350000.0	135450000.0	0.0
135400000.0	135500000.0	0.0
135450000.0	135550000.0	0.0
135500000.0	135600000.0	0.0
135550000.0	135650000.0	0.0
135600000.0	135700000.0	0.0
135650000.0	135750000.0	0.0
135700000.0	135800000.0	0.0
135750000.0	135850000.0	0.0
135800000.0	135900000.0	0.0
135850000.0	135950000.0	0.0
135900000.0	136000000.0	0.0
135950000.0	136050000.0	0.0
136000000.0	136100000.0	0.0
136050000.0	136150000.0	0.0
136100000.0	136200000.0	0.0
136150000.0	136250000.0	0.0
136200000.0	136300000.0	0.0
136250000.0	136350000.0	0.0
136300000.0	136400000.0	0.0
136350000.0	136450000.0	0.0
136400000.0	136500000.0	0.0
136450000.0	136550000.0	0.0
136500000.0	136600000.0	0.0
136550000.0	136650000.0	0.0
136600000.0	136700000.0	0.0
136650000.0	136750000.0	0.0
136700000.0	136800000.0	0.0
136750000.0	136850000.0	0.0
136800000.0	136900000.0	0.0
136850000.0	136950000.0	0.0
136900000.0	137000000.0	0.0
136950000.0	137050000.0	0.0
137000000.0	137100000.0	0.0
137050000.0	137150000.0	0.0
137100000.0	137200000.0	0.0
137150000.0	137250000.0	0.0
137200000.0	137300000.0	0.0
137250000.0	137350000.0	0.0
137300000.0	137400000.0	0.0
137350000.0	137450000.0	0.0
137400000.0	137500000.0	0.0
137450000.0	137550000.0	0.0
137500000.0	137600000.0	0.0
137550000.0	137650000.0	0.0
137600000.0	137700000.0	0.0
137650000.0	137750000.0	0.0
137700000.0	137800000.0	0.0
137750000.0	137850000.0	0.0
137800000.0	137900000.0	0.0
137850000.0	137950000.0	0.0
137900000.0	138000000.0	0.0
137950000.0	138050000.0	0.0
138000000.0	138100000.0	0.0
138050000.0	138150000.0	0.0
138100000.0	138200000.0	0.0
138150000.0	138250000.0	0.0
138200000.0	138300000.0	0.0
138250000.0	138350000.0	0.0
138300000.0	138400000.0	0.0
138350000.0	138450000.0	0.0
138400000.0	138500000.0	0.0
138450000.0	138550000.0	0.0
138500000.0	138600000.0	0.0
138550000.0	138650000.0	0.0
138600000.0	138700000.0	0.0
138650000.0	138750000.0	0.0
138700000.0	138800000.0	0.0
138750000.0	138850000.0	0.0
138800000.0	138900000.0	0.0
138850000.0	138950000.0	0.0
138900000.0	139000000.0	0.0
138950000.0	139050000.0	0.0
139000000.0	139100000.0	0.0
139050000.0	139150000.0	0.0
139100000.0	139200000.0	0.0
139150000.0	139250000.0	0.0
139200000.0	139300000.0	0.0
139250000.0	139350000.0	0.0
139300000.0	139400000.0	0.0
139350000.0	139450000.0	0.0
139400000.0	139500000.0	0.0
139450000.0	139550000.0	0.0
139500000.0	139600000.0	0.0
139550000.0	139650000.0	0.0
139600000.0	139700000.0	0.0
139650000.0	139750000.0	0.0
139700000.0	139800000.0	0.0
139750000.0	139850000.0	0.0
139800000.0	139900000.0	0.0
139850000.0	139950000.0	0.0
139900000.0	140000000.0	0.0
139950000.0	140050000.0	0.0
140000000.0	140100000.0	0.0
140050000.0	140150000.0	0.0
140100000.0	140200000.0	0.0
140150000.0	140250000.0	0.0
140200000.0	140300000.0	0.0
140250000.0	140350000.0	0.0
140300000.0	140400000.0	0.0
140350000.0	140450000.0	0.0
140400000.0	140500000.0	0.0
140450000.0	140550000.0	0.0
140500000.0	140600000.0	0.0
140550000.0	140650000.0	0.0
140600000.0	140700000.0	0.0
140650000.0	140750000.0	0.0
140700000.0	140800000.0	0.0
140750000.0	140850000.0	0.0
140800000.0	140900000.0	0.0
140850000.0	140950000.0	0.0
140900000.0	141000000.0	0.0
140950000.0	141050000.0	0.0
141000000.0	141100000.0	0.0
141050000.0	141150000.0	0.0
141100000.0	141200000.0	0.0
141150000.0	141250000.0	0.0
141200000.0	141300000.0	0.0
141250000.0	141350000.0	0.0
141300000.0	141400000.0	0.0
141350000.0	141450000.0	0.0
141400000.0	141500000.0	0.0
141450000.0	141550000.0	0.0
141500000.0	141600000.0	0.0
141550000.0	141650000.0	0.0
141600000.0	141700000.0	0.0
141650000.0	141750000.0	0.0
141700000.0	141800000.0	0.0
141750000.0	141850000.0	0.0
141800000.0	141900000.0	0.0
141850000.0	141950000.0	0.0
141900000.0	142000000.0	0.0
141950000.0	142050000.0	0.0
142000000.0	142100000.0	0.0
142050000.0	142150000.0	0.0
142100000.0	142200000.0	0.0
142150000.0	142250000.0	0.0
142200000.0	142300000.0	0.0
142250000.0	142350000.0	0.0
142300000.0	142400000.0	0.0
142350000.0	142450000.0	0.0
142400000.0	142500000.0	0.0
142450000.0	142550000.0	0.0
142500000.0	142600000.0	0.205932911429
142550000.0	142650000.0	0.530233137548
142600000.0	142700000.0	0.537885886079
142650000.0	142750000.0	0.323545108812
142700000.0	142800000.0	0.183523185911
142750000.0	142850000.0	0.239340762008
142800000.0	142900000.0	0.335346324742
142850000.0	142950000.0	0.361193639605
142900000.0	143000000.0	0.249981388018
142950000.0	143050000.0	0.0606143819358
143000000.0	143100000.0	0.0
143050000.0	143150000.0	0.161659851472
143100000.0	143200000.0	0.361378414063
143150000.0	143250000.0	0.37425557271
143200000.0	143300000.0	0.342885174294
143250000.0	143350000.0	0.193234470625
143300000.0	143400000.0	0.164021594821
143350000.0	143450000.0	0.339597151884
143400000.0	143500000.0	0.433591541784
143450000.0	143550000.0	0.476259633864
143500000.0	143600000.0	0.242885455422
143550000.0	143650000.0	0.02454783268
143600000.0	143700000.0	0.235109150801
143650000.0	143750000.0	0.371132240311
143700000.0	143800000.0	0.214803477533
143750000.0	143850000.0	0.0541839838286
143800000.0	143900000.0	0.081536255959
143850000.0	143950000.0	0.264869656496
143900000.0	144000000.0	0.407834885983
143950000.0	144050000.0	0.524634084655
144000000.0	144100000.0	0.515384552176
144050000.0	144150000.0	0.222593205607
144100000.0	144200000.0	0.0367430122797
144150000.0	144250000.0	0.0358156454457
144200000.0	144300000.0	0.07600228759
144250000.0	144350000.0	0.193416389592
144300000.0	144400000.0	0.227699987102
144350000.0	144450000.0	0.106704886424
144400000.0	144500000.0	0.143346845027
144450000.0	144550000.0	0.386615682214
144500000.0	144600000.0	0.509003518327
144550000.0	144650000.0	0.336197867044
144600000.0	144700000.0	0.222991944542
144650000.0	144750000.0	0.203206879054
144700000.0	144800000.0	0.0440608577661
144750000.0	144850000.0	0.135238923774
144800000.0	144900000.0	0.579824080094
144900000.0	145000000.0	0.812666961386
144950000.0	145050000.0	0.818863351618
145000000.0	145100000.0	0.882790309198
145050000.0	145150000.0	0.839450067598
145100000.0	145200000.0	0.522528752132
145150000.0	145250000.0	0.557116480694
145200000.0	145300000.0	0.552511111276
145250000.0	145350000.0	0.310578998313
145300000.0	145400000.0	0.282745000851
145350000.0	145450000.0	0.733692120166
145550000.0	145650000.0	0.894077010591
145600000.0	145700000.0	0.889937757235
145700000.0	145800000.0	0.681566123591
145750000.0	145850000.0	0.386342943005
145800000.0	145900000.0	0.24723236394
145850000.0	145950000.0	0.242611330503
145900000.0	146000000.0	0.426347763439
145950000.0	146050000.0	0.390802992021
146000000.0	146100000.0	0.308229226306
146050000.0	146150000.0	0.37529871894
146100000.0	146200000.0	0.285664181618
146150000.0	146250000.0	0.116681577759
146200000.0	146300000.0	0.0531517555065
146250000.0	146350000.0	0.252210545323
146300000.0	146400000.0	0.424895410398
146350000.0	146450000.0	0.233388720941
146400000.0	146500000.0	0.241367502299
146450000.0	146550000.0	0.623165604041
146500000.0	146600000.0	0.889588134176
146700000.0	146800000.0	0.888785728789
146750000.0	146850000.0	0.765844597614
146800000.0	146900000.0	0.85462642721
146850000.0	146950000.0	0.852159391657
147350000.0	147450000.0	0.680009358983
147400000.0	147500000.0	0.417752683465
147450000.0	147550000.0	0.428378401473
147500000.0	147600000.0	0.364593670104
147550000.0	147650000.0	0.303281852434
147600000.0	147700000.0	0.397714793045
147650000.0	147750000.0	0.674623541067
147700000.0	147800000.0	0.87424275164
147750000.0	147850000.0	0.781045463825
147800000.0	147900000.0	0.545859072139
147850000.0	147950000.0	0.324725184406
147900000.0	148000000.0	0.256851033459
147950000.0	148050000.0	0.154043858307
148000000.0	148100000.0	0.0422849012181
148050000.0	148150000.0	0.0
148100000.0	148200000.0	0.0690954071818
148150000.0	148250000.0	0.196851894552
148200000.0	148300000.0	0.147084786936
148250000.0	148350000.0	0.0725288986861
148300000.0	148400000.0	0.0920245339054
148350000.0	148450000.0	0.0390312109686
148400000.0	148500000.0	0.0
148450000.0	148550000.0	0.19581305056
148500000.0	148600000.0	0.365871187427
148550000.0	148650000.0	0.277033125366
148600000.0	148700000.0	0.203650125939
148650000.0	148750000.0	0.125585802264
148700000.0	148800000.0	0.143243684958
148750000.0	148850000.0	0.245828119603
148800000.0	148900000.0	0.366276003046
148850000.0	148950000.0	0.501407989065
148900000.0	149000000.0	0.296782417368
148950000.0	149050000.0	0.288611100826
149000000.0	149100000.0	0.682508661838
149050000.0	149150000.0	0.870514558533
149200000.0	149300000.0	0.719261472494
149250000.0	149350000.0	0.530270176436
149300000.0	149400000.0	0.485370035825
149350000.0	149450000.0	0.397327975694
149400000.0	149500000.0	0.199977966671
149450000.0	149550000.0	0.118582587154
149500000.0	149600000.0	0.210440900199
149550000.0	149650000.0	0.276839952902
149600000.0	149700000.0	0.434316155306
149650000.0	149750000.0	0.550776922014
149700000.0	149800000.0	0.479282889047
149750000.0	149850000.0	0.480970086817
149800000.0	149900000.0	0.76703530804
151550000.0	151650000.0	0.893729924095
152150000.0	152250000.0	0.860026871889
152200000.0	152300000.0	0.762730731026
152300000.0	152400000.0	0.749073360892
152350000.0	152450000.0	0.884726709332
152450000.0	152550000.0	0.856944053054
152600000.0	152700000.0	0.883919914437
152750000.0	152850000.0	0.84992476081
152850000.0	152950000.0	0.897544818192
152950000.0	153050000.0	0.878091016551
153000000.0	153100000.0	0.896708609106
153100000.0	153200000.0	0.841477940498
153300000.0	153400000.0	0.795095611611
153500000.0	153600000.0	0.874298667235
154700000.0	154800000.0	0.604750552508
154800000.0	154900000.0	0.822902193687
155050000.0	155150000.0	0.86243901907
155500000.0	155600000.0	0.885284226179
155550000.0	155650000.0	0.815835228465
155600000.0	155700000.0	0.892203237868
156400000.0	156500000.0	0.867509085795
156850000.0	156950000.0	0.835956350775
156900000.0	157000000.0	0.863365528033
157150000.0	157250000.0	0.899504504299
157400000.0	157500000.0	0.877636309677
157750000.0	157850000.0	0.795512436962
157800000.0	157900000.0	0.894014343108
158050000.0	158150000.0	0.894813317245
158150000.0	158250000.0	0.790560035334
158200000.0	158300000.0	0.798559954993
158250000.0	158350000.0	0.873679426519
158450000.0	158550000.0	0.759135943959
158650000.0	158750000.0	0.88206378419
158700000.0	158800000.0	0.849788665363
158750000.0	158850000.0	0.878449517107
158800000.0	158900000.0	0.893514250125
158850000.0	158950000.0	0.830883335418
158900000.0	159000000.0	0.878373191189
159000000.0	159100000.0	0.839543041262
159050000.0	159150000.0	0.893048412556
159150000.0	159250000.0	0.685651775547
159250000.0	159350000.0	0.888969356506
159350000.0	159450000.0	0.84826949346
159400000.0	159500000.0	0.769755717371
159450000.0	159550000.0	0.843947533731
159500000.0	159600000.0	0.83983613576
159550000.0	159650000.0	0.700107474177
159800000.0	159900000.0	0.864840077561
159900000.0	160000000.0	0.822869242629
160000000.0	160100000.0	0.873729563748
160050000.0	160150000.0	0.717634412099
160600000.0	160700000.0	0.880815718155
160650000.0	160750000.0	0.872376099539
160800000.0	160900000.0	0.866353818021
161350000.0	161450000.0	0.710244678269
161400000.0	161500000.0	0.681047010498
161450000.0	161550000.0	0.752783783575
161500000.0	161600000.0	0.647926873243
161550000.0	161650000.0	0.600775220041
161600000.0	161700000.0	0.805639827144
161850000.0	161950000.0	0.867451061204
161950000.0	162050000.0	0.8851020195
162100000.0	162200000.0	0.820272238015
162200000.0	162300000.0	0.702230012421
162300000.0	162400000.0	0.845792678823
162350000.0	162450000.0	0.737810385275
162650000.0	162750000.0	0.88572186085
162700000.0	162800000.0	0.737190669017
162750000.0	162850000.0	0.819628275779
162950000.0	163050000.0	0.887515428427
163500000.0	163600000.0	0.835303230239
163550000.0	163650000.0	0.822843405481
163650000.0	163750000.0	0.850908409399
163800000.0	163900000.0	0.805775831272
163850000.0	163950000.0	0.750437676443
163950000.0	164050000.0	0.863948402642
164050000.0	164150000.0	0.813403038579
164100000.0	164200000.0	0.898994337618
164150000.0	164250000.0	0.789256936448
164350000.0	164450000.0	0.886749657799
164750000.0	164850000.0	0.885047220607
164850000.0	164950000.0	0.882959315082
164900000.0	165000000.0	0.877604824985
164950000.0	165050000.0	0.848167620136
165000000.0	165100000.0	0.632051689641
165200000.0	165300000.0	0.877353912433
165250000.0	165350000.0	0.880592400823
165300000.0	165400000.0	0.70099356115
165350000.0	165450000.0	0.833824896478
165400000.0	165500000.0	0.582769662917
165500000.0	165600000.0	0.603851262012
165900000.0	166000000.0	0.894844212514
166000000.0	166100000.0	0.829062079766
166050000.0	166150000.0	0.779187535303
166150000.0	166250000.0	0.764144795438
166200000.0	166300000.0	0.749236414851
166350000.0	166450000.0	0.854059498392
166450000.0	166550000.0	0.857950102693
166550000.0	166650000.0	0.870173622136
166650000.0	166750000.0	0.824748294278
166700000.0	166800000.0	0.861493165011
166850000.0	166950000.0	0.883176780709
166900000.0	167000000.0	0.866411171982
166950000.0	167050000.0	0.830396882443
167000000.0	167100000.0	0.852027160634
167200000.0	167300000.0	0.894492708132
168250000.0	168350000.0	0.836702235381
168300000.0	168400000.0	0.86941278123
168450000.0	168550000.0	0.891566930215
168500000.0	168600000.0	0.870275733006
168600000.0	168700000.0	0.763596063618
168950000.0	169050000.0	0.89945300991
169000000.0	169100000.0	0.783702802889
169050000.0	169150000.0	0.830584071667
169150000.0	169250000.0	0.864516758523
169200000.0	169300000.0	0.687812494688
169400000.0	169500000.0	0.829254402843
169450000.0	169550000.0	0.883980814129
169550000.0	169650000.0	0.893780776967
169600000.0	169700000.0	0.882375791169
169750000.0	169850000.0	0.898561378883
169900000.0	170000000.0	0.744842811314
170000000.0	170100000.0	0.792739280613
170050000.0	170150000.0	0.866971928734
170300000.0	170400000.0	0.565589322397
170350000.0	170450000.0	0.798850756724
170700000.0	170800000.0	0.882744521558
170750000.0	170850000.0	0.773853598407
170850000.0	170950000.0	0.85937076212
171100000.0	171200000.0	0.894352174136
171150000.0	171250000.0	0.891088984982
171250000.0	171350000.0	0.822343083672
171300000.0	171400000.0	0.838311832599
171500000.0	171600000.0	0.897030952227
171750000.0	171850000.0	0.736613903336
171900000.0	172000000.0	0.735053284596
171950000.0	172050000.0	0.858266393781
172100000.0	172200000.0	0.61145474565
172150000.0	172250000.0	0.843604676217
172200000.0	172300000.0	0.8918412798
172450000.0	172550000.0	0.866279879341
172500000.0	172600000.0	0.852449879877
172550000.0	172650000.0	0.868352878528
172800000.0	172900000.0	0.871834662657
172850000.0	172950000.0	0.886146288984
172950000.0	173050000.0	0.874231470003
173050000.0	173150000.0	0.78852838446
173150000.0	173250000.0	0.871149175575
173500000.0	173600000.0	0.864357500656
173600000.0	173700000.0	0.857869169826
173900000.0	174000000.0	0.89332874643
174300000.0	174400000.0	0.896699772185
174500000.0	174600000.0	0.80899739043
174550000.0	174650000.0	0.720582942988
175150000.0	175250000.0	0.826297418364
175350000.0	175450000.0	0.749115878871
175550000.0	175650000.0	0.852411040405
175600000.0	175700000.0	0.755623492288
175650000.0	175750000.0	0.841153479077
175750000.0	175850000.0	0.818155732195
175850000.0	175950000.0	0.899144206454
175950000.0	176050000.0	0.838949099781
176200000.0	176300000.0	0.863547935041
176400000.0	176500000.0	0.791156056124
176500000.0	176600000.0	0.686183946603
176700000.0	176800000.0	0.82417606727
176850000.0	176950000.0	0.890536726983
176950000.0	177050000.0	0.893276525265
177050000.0	177150000.0	0.722958583136
177100000.0	177200000.0	0.879287348173
177150000.0	177250000.0	0.82640624011
177200000.0	177300000.0	0.886356872107
177300000.0	177400000.0	0.867731270172
177400000.0	177500000.0	0.798258646585
177550000.0	177650000.0	0.83579700463
177600000.0	177700000.0	0.838742980537
177650000.0	177750000.0	0.810373805888
177700000.0	177800000.0	0.896531082175
177750000.0	177850000.0	0.805749180734
177800000.0	177900000.0	0.852189888887
177850000.0	177950000.0	0.869382008629
177900000.0	178000000.0	0.860274463193
178200000.0	178300000.0	0.788154415233
178250000.0	178350000.0	0.88353282291
178450000.0	178550000.0	0.795238680942
178650000.0	178750000.0	0.826048058256
178700000.0	178800000.0	0.89888194202
178750000.0	178850000.0	0.744568383673
178900000.0	179000000.0	0.878123384723
178950000.0	179050000.0	0.89702257815
180150000.0	180250000.0	0.775762531388
180200000.0	180300000.0	0.814933610501
180250000.0	180350000.0	0.893390005251
180600000.0	180700000.0	0.870583539476
180650000.0	180750000.0	0.897455220171
181150000.0	181250000.0	0.880344827162
181450000.0	181550000.0	0.75331766655
181900000.0	182000000.0	0.841895636441
181950000.0	182050000.0	0.847081417829
182050000.0	182150000.0	0.86124019957
182150000.0	182250000.0	0.881919581963
182200000.0	182300000.0	0.842936931537
182650000.0	182750000.0	0.868225759253
183550000.0	183650000.0	0.880036890186
183800000.0	183900000.0	0.843441262628
183850000.0	183950000.0	0.830925253453
183900000.0	184000000.0	0.885165681672
184000000.0	184100000.0	0.866754582956
184050000.0	184150000.0	0.791073387158
184250000.0	184350000.0	0.851722178171
184350000.0	184450000.0	0.825204486008
184750000.0	184850000.0	0.888830609121
184950000.0	185050000.0	0.859362124436
185150000.0	185250000.0	0.893993776447
185300000.0	185400000.0	0.728961300753
185400000.0	185500000.0	0.894157725368
185800000.0	185900000.0	0.802998351348
185850000.0	185950000.0	0.84093816486
185900000.0	186000000.0	0.887369172079
186050000.0	186150000.0	0.89438298081
186150000.0	186250000.0	0.741215537442
186200000.0	186300000.0	0.887629495923
186300000.0	186400000.0	0.876799004705
186500000.0	186600000.0	0.871646258966
186650000.0	186750000.0	0.837752648206
186700000.0	186800000.0	0.817498217427
186750000.0	186850000.0	0.893089939653
186850000.0	186950000.0	0.820124295734
186900000.0	187000000.0	0.760168939259
187000000.0	187100000.0	0.586589445372
187050000.0	187150000.0	0.872540545438
187150000.0	187250000.0	0.839135120968
187450000.0	187550000.0	0.899652312799
187500000.0	187600000.0	0.883192036046
187650000.0	187750000.0	0.737514339013
187700000.0	187800000.0	0.775966694333
188100000.0	188200000.0	0.872516066625
188200000.0	188300000.0	0.85762651522
188250000.0	188350000.0	0.743590006202
188300000.0	188400000.0	0.888951642982
188350000.0	188450000.0	0.876070857385
188500000.0	188600000.0	0.835643372779
188550000.0	188650000.0	0.558154839949
188650000.0	188750000.0	0.844153936729
188700000.0	188800000.0	0.751891620794
188750000.0	188850000.0	0.849065849764
188850000.0	188950000.0	0.824131448093
188900000.0	189000000.0	0.683650815981
189050000.0	189150000.0	0.869169335313
189100000.0	189200000.0	0.899366986442
189150000.0	189250000.0	0.870351791349
189250000.0	189350000.0	0.765322783443
189350000.0	189450000.0	0.873917988765
189400000.0	189500000.0	0.806792667605
189600000.0	189700000.0	0.85411802461
189650000.0	189750000.0	0.782902217659
189700000.0	189800000.0	0.897811572359
189750000.0	189850000.0	0.784534580915
189950000.0	190050000.0	0.706582815142
190000000.0	190100000.0	0.671265659671
190200000.0	190300000.0	0.880539832921
190250000.0	190350000.0	0.79536514692
190400000.0	190500000.0	0.776467154005
190450000.0	190550000.0	0.761537863594
190500000.0	190600000.0	0.880875999021
190600000.0	190700000.0	0.831701988418
190650000.0	190750000.0	0.860474375259
190750000.0	190850000.0	0.761225439597
190950000.0	191050000.0	0.838724552067
191300000.0	191400000.0	0.857849719105
191500000.0	191600000.0	0.815185022079
191750000.0	191850000.0	0.844029194607
191850000.0	191950000.0	0.886405005884
192000000.0	192100000.0	0.897820786134
192050000.0	192150000.0	0.851454573318
192150000.0	192250000.0	0.818095883878
192250000.0	192350000.0	0.873769479588
192350000.0	192450000.0	0.843499304928
192400000.0	192500000.0	0.739810667201
192450000.0	192550000.0	0.885746295946
192600000.0	192700000.0	0.862734569557
192900000.0	193000000.0	0.833865578776
193150000.0	193250000.0	0.826369793625
193600000.0	193700000.0	0.845055526894
193650000.0	193750000.0	0.838223256336
193700000.0	193800000.0	0.876636381315
193750000.0	193850000.0	0.810195812371
193950000.0	194050000.0	0.772732267092
194050000.0	194150000.0	0.804309089157
194150000.0	194250000.0	0.864884394769
194200000.0	194300000.0	0.809852876049
194500000.0	194600000.0	0.877475414755
194800000.0	194900000.0	0.893663944361
194950000.0	195050000.0	0.842590014952
195000000.0	195100000.0	0.849190181367
195050000.0	195150000.0	0.890685877625
195300000.0	195400000.0	0.814793868904
195400000.0	195500000.0	0.844720125956
195500000.0	195600000.0	0.869974206093
195550000.0	195650000.0	0.687876406168
195600000.0	195700000.0	0.89057190773
195700000.0	195800000.0	0.783974680584
195800000.0	195900000.0	0.826926935683
195850000.0	195950000.0	0.842068695918
195900000.0	196000000.0	0.765047634219
195950000.0	196050000.0	0.870160652103
196050000.0	196150000.0	0.874959666413
196100000.0	196200000.0	0.827770912515
196150000.0	196250000.0	0.850482379106
196200000.0	196300000.0	0.81260053925
196300000.0	196400000.0	0.777176000496
196400000.0	196500000.0	0.891225084461
196500000.0	196600000.0	0.890117293136
196550000.0	196650000.0	0.874461027378
196650000.0	196750000.0	0.808103354384
196700000.0	196800000.0	0.649728603952
196750000.0	196850000.0	0.76163824531
196800000.0	196900000.0	0.848330787039
196850000.0	196950000.0	0.882637253927
197350000.0	197450000.0	0.752106081081
197400000.0	197500000.0	0.811478419884
197550000.0	197650000.0	0.556403952342
197600000.0	197700000.0	0.852651101392
197650000.0	197750000.0	0.768797637001
197750000.0	197850000.0	0.883869651883
197950000.0	198050000.0	0.882338531826
198150000.0	198250000.0	0.827009974517
198200000.0	198300000.0	0.80720914356
198250000.0	198350000.0	0.887554457096
198300000.0	198400000.0	0.620423509922
198350000.0	198450000.0	0.842890699654
198450000.0	198550000.0	0.877231604001
198600000.0	198700000.0	0.656231010785
198700000.0	198800000.0	0.168565
198750000.0	198850000.0	0.651938006039
198850000.0	198950000.0	0.401877319521
198900000.0	199000000.0	0.878657514294
199050000.0	199150000.0	0.891134765498
199150000.0	199250000.0	0.8684659165
199200000.0	199300000.0	0.76701866223
199250000.0	199350000.0	0.837260051562
199300000.0	199400000.0	0.870056339249
199400000.0	199500000.0	0.866989306826
199450000.0	199550000.0	0.835313169984
199500000.0	199600000.0	0.883011945836
199550000.0	199650000.0	0.808369078436
199650000.0	199750000.0	0.721689789438
199750000.0	199850000.0	0.743319327432
199800000.0	199900000.0	0.888554581906
200200000.0	200300000.0	0.773422464845
200750000.0	200850000.0	0.868804946998
200950000.0	201050000.0	0.831508026018
201250000.0	201350000.0	0.741216969355
201350000.0	201450000.0	0.868659706648
201500000.0	201600000.0	0.836486827603
201850000.0	201950000.0	0.782582005828
202250000.0	202350000.0	0.880742936839
202300000.0	202400000.0	0.87030481205
202350000.0	202450000.0	0.81379375439
202400000.0	202500000.0	0.784651105987
202450000.0	202550000.0	0.809222503323
202500000.0	202600000.0	0.888032919405
202650000.0	202750000.0	0.6602239254
202700000.0	202800000.0	0.899487454287
203000000.0	203100000.0	0.684991914008
203150000.0	203250000.0	0.832773547409
203250000.0	203350000.0	0.872510071679
203950000.0	204050000.0	0.865285121203
204650000.0	204750000.0	0.89256679568
204850000.0	204950000.0	0.827471001225
204950000.0	205050000.0	0.699801388891
205850000.0	205950000.0	0.701644746692
205900000.0	206000000.0	0.220419682663
205950000.0	206050000.0	0.0
206000000.0	206100000.0	0.105127639766
206050000.0	206150000.0	0.294187063689
206100000.0	206200000.0	0.42863463904
206150000.0	206250000.0	0.736263499729
206200000.0	206300000.0	0.891302695415
206250000.0	206350000.0	0.785857577413
206300000.0	206400000.0	0.32111649996
206350000.0	206450000.0	0.0
206400000.0	206500000.0	0.0929450430134
206450000.0	206550000.0	0.317524829444
206500000.0	206600000.0	0.556224747277
206550000.0	206650000.0	0.831231183872
206850000.0	206950000.0	0.802149714554
207200000.0	207300000.0	0.850235936485
207250000.0	207350000.0	0.879070267913
207300000.0	207400000.0	0.820047581897
207350000.0	207450000.0	0.869009776732
207450000.0	207550000.0	0.846733468721
207500000.0	207600000.0	0.814086140316
207650000.0	207750000.0	0.616194121832
207700000.0	207800000.0	0.705314510294
207850000.0	207950000.0	0.885303306545
208000000.0	208100000.0	0.862171482973
208100000.0	208200000.0	0.837008204778
208200000.0	208300000.0	0.795574664783
208250000.0	208350000.0	0.849871495245
208350000.0	208450000.0	0.896297374711
208500000.0	208600000.0	0.842460851522
208600000.0	208700000.0	0.84863076937
208650000.0	208750000.0	0.883847284852
208800000.0	208900000.0	0.876773525923
208900000.0	209000000.0	0.888090996153
208950000.0	209050000.0	0.838895685057
209150000.0	209250000.0	0.864870794398
209400000.0	209500000.0	0.885427613511
209500000.0	209600000.0	0.898002626592
209600000.0	209700000.0	0.829627636271
209650000.0	209750000.0	0.772524826198
209700000.0	209800000.0	0.70645666668
209750000.0	209850000.0	0.48052764475
210050000.0	210150000.0	0.794774834633
210200000.0	210300000.0	0.838140743947
210550000.0	210650000.0	0.872757769218
210600000.0	210700000.0	0.817750745716
210650000.0	210750000.0	0.816425552047
210800000.0	210900000.0	0.873089485727
210850000.0	210950000.0	0.75007448654
210900000.0	211000000.0	0.812713174721
211050000.0	211150000.0	0.897220895479
211100000.0	211200000.0	0.87877599814
211550000.0	211650000.0	0.895152941323
211800000.0	211900000.0	0.882767849244
212150000.0	212250000.0	0.859541337661
212500000.0	212600000.0	0.869462496147
212800000.0	212900000.0	0.899659887787
212850000.0	212950000.0	0.832268871537
213000000.0	213100000.0	0.893763274944
213150000.0	213250000.0	0.888570721108
213300000.0	213400000.0	0.834139824316
213350000.0	213450000.0	0.835266231068
213400000.0	213500000.0	0.589190491425
213450000.0	213550000.0	0.844545366676
213600000.0	213700000.0	0.843697652376
214000000.0	214100000.0	0.0337878396235
214050000.0	214150000.0	0.533560887283
214100000.0	214200000.0	0.71667788096
214150000.0	214250000.0	0.683886785257
214200000.0	214300000.0	0.791070542337
214300000.0	214400000.0	0.817735755592
214500000.0	214600000.0	0.899920211317
215000000.0	215100000.0	0.745863645079
215250000.0	215350000.0	0.83640003594
215400000.0	215500000.0	0.75685216268
215450000.0	215550000.0	0.794351130405
215500000.0	215600000.0	0.591001241648
215550000.0	215650000.0	0.769313235584
215850000.0	215950000.0	0.80150839021
216000000.0	216100000.0	0.890958108704
216250000.0	216350000.0	0.779234233311
216300000.0	216400000.0	0.838981439188
216350000.0	216450000.0	0.663665283478
216500000.0	216600000.0	0.858364508878
216550000.0	216650000.0	0.898233162246
216600000.0	216700000.0	0.813070695286
216650000.0	216750000.0	0.858652089361
216700000.0	216800000.0	0.575797866338
216800000.0	216900000.0	0.720067131075
217150000.0	217250000.0	0.817990335907
217200000.0	217300000.0	0.886834712622
217300000.0	217400000.0	0.568741475907
217350000.0	217450000.0	0.73683652173
217650000.0	217750000.0	0.855145097233
217800000.0	217900000.0	0.764203761449
217850000.0	217950000.0	0.890966710107
218050000.0	218150000.0	0.816736397785
218100000.0	218200000.0	0.762710772302
218350000.0	218450000.0	0.851740696208
218850000.0	218950000.0	0.79774003768
218900000.0	219000000.0	0.845624789495
218950000.0	219050000.0	0.858811496903
219000000.0	219100000.0	0.896487279617
219050000.0	219150000.0	0.866723283426
219200000.0	219300000.0	0.860922119498
219350000.0	219450000.0	0.803845530229
219450000.0	219550000.0	0.752212555274
219500000.0	219600000.0	0.734096328706
219550000.0	219650000.0	0.773796711216
219600000.0	219700000.0	0.882829534118
219700000.0	219800000.0	0.778421217459
219750000.0	219850000.0	0.857169502032
219800000.0	219900000.0	0.866795858421
219850000.0	219950000.0	0.749571047646
219950000.0	220050000.0	0.879099920246
220000000.0	220100000.0	0.83074220502
220050000.0	220150000.0	0.840741447172
220700000.0	220800000.0	0.863676843042
220750000.0	220850000.0	0.870771774808
220800000.0	220900000.0	0.881441563412
220950000.0	221050000.0	0.874808169422
221050000.0	221150000.0	0.781019437604
221100000.0	221200000.0	0.877432005852
221200000.0	221300000.0	0.834836391203
221300000.0	221400000.0	0.891684573946
221350000.0	221450000.0	0.867699331411
221500000.0	221600000.0	0.895581512697
221550000.0	221650000.0	0.892742256971
221950000.0	222050000.0	0.88470944739
222000000.0	222100000.0	0.871147629173
222050000.0	222150000.0	0.526177189334
222100000.0	222200000.0	0.698643158604
222200000.0	222300000.0	0.84510646428
222500000.0	222600000.0	0.85669500899
222600000.0	222700000.0	0.600365896166
222650000.0	222750000.0	0.656853959502
222800000.0	222900000.0	0.886327113514
223000000.0	223100000.0	0.890050575797
223100000.0	223200000.0	0.858901127185
223300000.0	223400000.0	0.812517683845
223400000.0	223500000.0	0.694959778376
223450000.0	223550000.0	0.880606858658
223500000.0	223600000.0	0.811514234242
223550000.0	223650000.0	0.844168810071
223600000.0	223700000.0	0.816928312599
223650000.0	223750000.0	0.740838660119
223700000.0	223800000.0	0.338386937257
223750000.0	223850000.0	0.372263163986
223800000.0	223900000.0	0.84314341029
224000000.0	224100000.0	0.818320767952
224050000.0	224150000.0	0.418626681224
224100000.0	224200000.0	0.280481823258
224150000.0	224250000.0	0.515762495975
224200000.0	224300000.0	0.82336301169
224850000.0	224950000.0	0.758390731961
224900000.0	225000000.0	0.862298414689
225100000.0	225200000.0	0.851672786589
225150000.0	225250000.0	0.859988767404
225250000.0	225350000.0	0.863840107279
225300000.0	225400000.0	0.876629567846
226550000.0	226650000.0	0.891888396187
226750000.0	226850000.0	0.7983985301
227100000.0	227200000.0	0.850420635737
227300000.0	227400000.0	0.860036385824
227350000.0	227450000.0	0.896284985658
227800000.0	227900000.0	0.889113831566
227950000.0	228050000.0	0.797979075283
228100000.0	228200000.0	0.657166578138
228150000.0	228250000.0	0.832168823456
228400000.0	228500000.0	0.896126165641
228500000.0	228600000.0	0.811705025756
228550000.0	228650000.0	0.796171736277
228650000.0	228750000.0	0.868812441107
228700000.0	228800000.0	0.577965041651
228750000.0	228850000.0	0.635204384511
228800000.0	228900000.0	0.871280688252
228950000.0	229050000.0	0.876815399237
229300000.0	229400000.0	0.890731872395
229400000.0	229500000.0	0.877492806388
229950000.0	230050000.0	0.760779561342
230100000.0	230200000.0	0.744913518186
230300000.0	230400000.0	0.838597707026
230350000.0	230450000.0	0.896449951212
230700000.0	230800000.0	0.795123935875
230750000.0	230850000.0	0.777903788217
230950000.0	231050000.0	0.845804054755
231550000.0	231650000.0	0.837952687181
231800000.0	231900000.0	0.87769692529
231950000.0	232050000.0	0.868148751998
232200000.0	232300000.0	0.85527281999
232650000.0	232750000.0	0.836960789765
233100000.0	233200000.0	0.802423422561
233700000.0	233800000.0	0.843960367627
234100000.0	234200000.0	0.886118090765
234200000.0	234300000.0	0.863665803659
234350000.0	234450000.0	0.850040164155
234850000.0	234950000.0	0.834648514241
234900000.0	235000000.0	0.821845670689
235100000.0	235200000.0	0.87845886447
235150000.0	235250000.0	0.412980630289
235200000.0	235300000.0	0.550173401003
235450000.0	235550000.0	0.850073230877
236850000.0	236950000.0	0.873729702789
237050000.0	237150000.0	0.845124051772
237150000.0	237250000.0	0.755315993337
237200000.0	237300000.0	0.76106310175
237400000.0	237500000.0	0.797830697279
237950000.0	238050000.0	0.823487429896
238300000.0	238400000.0	0.888678400083
239100000.0	239200000.0	0.830947703041
239550000.0	239650000.0	0.885594066315
239700000.0	239800000.0	0.865620155614
239750000.0	239850000.0	0.804458913301
239850000.0	239950000.0	0.88842241768
240050000.0	240150000.0	0.618022996219
241100000.0	241200000.0	0.871436235822
241700000.0	241800000.0	0.873217884084
242000000.0	242100000.0	0.897568777055
242250000.0	242350000.0	0.897536620879
242350000.0	242450000.0	0.857752724218
242400000.0	242500000.0	0.663528504316
242450000.0	242550000.0	0.776399960645
242500000.0	242600000.0	0.888228442178
242900000.0	243000000.0	0.864984679915
242950000.0	243050000.0	0.884607021291
243000000.0	243100000.0	0.846754752589
243050000.0	243150000.0	0.695481191708
243100000.0	243200000.0	0.453336876286
243150000.0	243250000.0	0.252123783683
243200000.0	243300000.0	0.385813722782
243250000.0	243350000.0	0.602725842621
243300000.0	243400000.0	0.736558826167
243700000.0	243800000.0	0.652870614263
243900000.0	244000000.0	0.893966102124
243950000.0	244050000.0	0.869584500581
244250000.0	244350000.0	0.78372586713
244600000.0	244700000.0	0.876102281689
244650000.0	244750000.0	0.890662407041
245800000.0	245900000.0	0.888300356169
245850000.0	245950000.0	0.897809563985
245900000.0	246000000.0	0.847833066178
245950000.0	246050000.0	0.876391172902
246500000.0	246600000.0	0.844751657122
246800000.0	246900000.0	0.862743287996
247250000.0	247350000.0	0.880793531437
247600000.0	247700000.0	0.896971112654
247650000.0	247750000.0	0.860098924072
247700000.0	247800000.0	0.875980636073
247800000.0	247900000.0	0.823474635554
247850000.0	247950000.0	0.876225928262
247900000.0	248000000.0	0.886542400434
247950000.0	248050000.0	0.810018856453
248050000.0	248150000.0	0.850999540572
248150000.0	248250000.0	0.898992759173
248200000.0	248300000.0	0.863735793688
248250000.0	248350000.0	0.85455637987
248300000.0	248400000.0	0.894496137364
248400000.0	248500000.0	0.833974997035
248550000.0	248650000.0	0.717937670236
248600000.0	248700000.0	0.596622350273
248650000.0	248750000.0	0.558384349293
248700000.0	248800000.0	0.783207162392
248750000.0	248850000.0	0.858856985392
248800000.0	248900000.0	0.857893020195
248850000.0	248950000.0	0.524779531105
248900000.0	249000000.0	0.04024499956
248950000.0	249050000.0	0.0
249000000.0	249100000.0	0.376601461108
249050000.0	249150000.0	0.870799613173
249100000.0	249200000.0	0.867941135256
