start	end	avg.score
0.0	100000.0	0.873770897452
50000.0	150000.0	0.857872071901
450000.0	550000.0	0.894966193318
550000.0	650000.0	0.708869331648
650000.0	750000.0	0.826369782513
950000.0	1050000.0	0.859949616178
1150000.0	1250000.0	0.799280494799
1200000.0	1300000.0	0.794563740303
1250000.0	1350000.0	0.86386058035
1300000.0	1400000.0	0.832254602384
1350000.0	1450000.0	0.855513591163
1450000.0	1550000.0	0.841751326391
1500000.0	1600000.0	0.898439454325
1600000.0	1700000.0	0.837289321484
1650000.0	1750000.0	0.759598172661
1750000.0	1850000.0	0.880193352974
1850000.0	1950000.0	0.775624093053
1950000.0	2050000.0	0.778448250105
2050000.0	2150000.0	0.895923103741
2100000.0	2200000.0	0.870125700819
2400000.0	2500000.0	0.82463873026
2550000.0	2650000.0	0.832956881679
2800000.0	2900000.0	0.822993488785
2850000.0	2950000.0	0.801256761943
2950000.0	3050000.0	0.812499132881
3300000.0	3400000.0	0.875056811143
3450000.0	3550000.0	0.764144508242
3500000.0	3600000.0	0.397286627714
3550000.0	3650000.0	0.608960025845
3800000.0	3900000.0	0.852720581136
4050000.0	4150000.0	0.834702579132
4100000.0	4200000.0	0.893188329929
4150000.0	4250000.0	0.871874809426
4400000.0	4500000.0	0.835499221401
4550000.0	4650000.0	0.877796133028
4700000.0	4800000.0	0.727923477733
4750000.0	4850000.0	0.897913301767
4900000.0	5000000.0	0.669193959531
4950000.0	5050000.0	0.581873591332
5000000.0	5100000.0	0.162117461432
5050000.0	5150000.0	0.18669725391
5100000.0	5200000.0	0.674628807502
5200000.0	5300000.0	0.891554730656
5250000.0	5350000.0	0.637818187373
5350000.0	5450000.0	0.742520318207
5450000.0	5550000.0	0.723167274637
5600000.0	5700000.0	0.883810614571
5700000.0	5800000.0	0.83868626726
5750000.0	5850000.0	0.786109234436
5850000.0	5950000.0	0.872845859468
5950000.0	6050000.0	0.841392450674
6050000.0	6150000.0	0.862961209936
6100000.0	6200000.0	0.859448479965
6150000.0	6250000.0	0.872200084662
6200000.0	6300000.0	0.820272326728
6250000.0	6350000.0	0.899751899141
6450000.0	6550000.0	0.89691598707
6550000.0	6650000.0	0.896154147786
6600000.0	6700000.0	0.732689218535
6700000.0	6800000.0	0.686456369296
6850000.0	6950000.0	0.462171535524
6950000.0	7050000.0	0.883270863918
7000000.0	7100000.0	0.780762167254
7150000.0	7250000.0	0.773878015993
7300000.0	7400000.0	0.816715552929
7650000.0	7750000.0	0.844497707713
7750000.0	7850000.0	0.686335386193
7800000.0	7900000.0	0.821106539608
8000000.0	8100000.0	0.874668920451
8150000.0	8250000.0	0.767370204012
8200000.0	8300000.0	0.877285149036
8250000.0	8350000.0	0.876648967106
8350000.0	8450000.0	0.763107881281
8450000.0	8550000.0	0.755386052082
8550000.0	8650000.0	0.808822446299
8750000.0	8850000.0	0.781240746361
9000000.0	9100000.0	0.790197265135
9100000.0	9200000.0	0.8801219654
9900000.0	10000000.0	0.844290381078
10050000.0	10150000.0	0.899403133848
11050000.0	11150000.0	0.78201159704
11100000.0	11200000.0	0.713910190047
11150000.0	11250000.0	0.791240691518
11850000.0	11950000.0	0.839617646752
12150000.0	12250000.0	0.853120343282
12400000.0	12500000.0	0.837459274764
12450000.0	12550000.0	0.759041413953
12650000.0	12750000.0	0.89205421705
12750000.0	12850000.0	0.848899899291
12800000.0	12900000.0	0.782560417137
12850000.0	12950000.0	0.622996177456
12900000.0	13000000.0	0.865726027889
13100000.0	13200000.0	0.865581798735
13150000.0	13250000.0	0.763210887267
13250000.0	13350000.0	0.882052482246
13400000.0	13500000.0	0.864411164468
13600000.0	13700000.0	0.857456121157
13700000.0	13800000.0	0.876128415971
13800000.0	13900000.0	0.792082186911
13850000.0	13950000.0	0.854724337468
13900000.0	14000000.0	0.853127128889
14000000.0	14100000.0	0.86967238291
14200000.0	14300000.0	0.825317027901
14450000.0	14550000.0	0.749628226751
14600000.0	14700000.0	0.877191569637
14700000.0	14800000.0	0.881491852257
14900000.0	15000000.0	0.828537289193
15000000.0	15100000.0	0.862940708207
15100000.0	15200000.0	0.896171908788
15150000.0	15250000.0	0.833180880416
15200000.0	15300000.0	0.864381905992
15350000.0	15450000.0	0.88653414373
15400000.0	15500000.0	0.877704432225
15550000.0	15650000.0	0.898365402908
15600000.0	15700000.0	0.895370905264
15900000.0	16000000.0	0.841386582378
15950000.0	16050000.0	0.806853474458
16200000.0	16300000.0	0.728680498913
16250000.0	16350000.0	0.370725001414
16300000.0	16400000.0	0.588919339754
16550000.0	16650000.0	0.880934863721
16650000.0	16750000.0	0.866433128832
16700000.0	16800000.0	0.768401988489
16800000.0	16900000.0	0.365904707889
16850000.0	16950000.0	0.864791996501
16950000.0	17050000.0	0.780244694426
17050000.0	17150000.0	0.898289018816
17150000.0	17250000.0	0.809920739487
17300000.0	17400000.0	0.867490785021
17350000.0	17450000.0	0.879438743809
17400000.0	17500000.0	0.780222435292
17450000.0	17550000.0	0.809981698512
17600000.0	17700000.0	0.766111822338
17650000.0	17750000.0	0.898630223813
17700000.0	17800000.0	0.665276547151
17950000.0	18050000.0	0.884486463689
18000000.0	18100000.0	0.898807543407
18100000.0	18200000.0	0.694831888596
18150000.0	18250000.0	0.764047375094
18250000.0	18350000.0	0.855334807236
18300000.0	18400000.0	0.765564486838
18450000.0	18550000.0	0.836473664618
18600000.0	18700000.0	0.59279237826
18650000.0	18750000.0	0.894830627253
18700000.0	18800000.0	0.689799159445
18750000.0	18850000.0	0.876775604865
19150000.0	19250000.0	0.525823157972
19200000.0	19300000.0	0.847972736453
19300000.0	19400000.0	0.780188944213
19350000.0	19450000.0	0.818978050496
19450000.0	19550000.0	0.892744213817
19500000.0	19600000.0	0.850330139231
19550000.0	19650000.0	0.615678755042
19650000.0	19750000.0	0.858457817935
19700000.0	19800000.0	0.872136709213
19900000.0	20000000.0	0.386036079155
19950000.0	20050000.0	0.865194120343
20000000.0	20100000.0	0.805271383708
20050000.0	20150000.0	0.742142085976
20100000.0	20200000.0	0.880694976451
20400000.0	20500000.0	0.661865215932
20850000.0	20950000.0	0.895110889385
21050000.0	21150000.0	0.7232915277
21100000.0	21200000.0	0.540060969243
21150000.0	21250000.0	0.540032784014
21400000.0	21500000.0	0.812322511342
21450000.0	21550000.0	0.85430063189
21500000.0	21600000.0	0.886709550868
21650000.0	21750000.0	0.884361161115
21850000.0	21950000.0	0.859656205481
21900000.0	22000000.0	0.85385999999
21950000.0	22050000.0	0.85133999999
22000000.0	22100000.0	0.861724515263
22100000.0	22200000.0	0.705406451693
22300000.0	22400000.0	0.877740341927
22350000.0	22450000.0	0.8945661251
22500000.0	22600000.0	0.820849102736
22600000.0	22700000.0	0.607616157017
22750000.0	22850000.0	0.862759858173
23100000.0	23200000.0	0.860491188513
23150000.0	23250000.0	0.876236894677
23250000.0	23350000.0	0.876379796444
23300000.0	23400000.0	0.866618064082
23550000.0	23650000.0	0.877561816193
23600000.0	23700000.0	0.82812326554
23750000.0	23850000.0	0.737848484413
23850000.0	23950000.0	0.849721781772
24800000.0	24900000.0	0.784157386116
24950000.0	25050000.0	0.882361181696
25700000.0	25800000.0	0.897069307342
26700000.0	26800000.0	0.799687165282
26800000.0	26900000.0	0.89113341146
26850000.0	26950000.0	0.870726030995
27200000.0	27300000.0	0.892146584216
27400000.0	27500000.0	0.894973198756
27800000.0	27900000.0	0.893484419564
28250000.0	28350000.0	0.836343944752
28300000.0	28400000.0	0.699672741198
28650000.0	28750000.0	0.84758260715
28850000.0	28950000.0	0.805891744066
28900000.0	29000000.0	0.8620643214
29300000.0	29400000.0	0.895074677851
29350000.0	29450000.0	0.862415571361
29650000.0	29750000.0	0.847127354102
29700000.0	29800000.0	0.666703605999
29750000.0	29850000.0	0.721657882241
29850000.0	29950000.0	0.80087843445
29950000.0	30050000.0	0.869327388398
30450000.0	30550000.0	0.872440280848
30700000.0	30800000.0	0.869249728209
30800000.0	30900000.0	0.836995191131
30950000.0	31050000.0	0.771510105254
31000000.0	31100000.0	0.853486062898
31050000.0	31150000.0	0.874577921622
31100000.0	31200000.0	0.67095979379
31250000.0	31350000.0	0.808817018478
31350000.0	31450000.0	0.821964484189
31450000.0	31550000.0	0.840859934726
31550000.0	31650000.0	0.75974778307
31650000.0	31750000.0	0.859393015315
31700000.0	31800000.0	0.802455977965
31750000.0	31850000.0	0.876852409957
31900000.0	32000000.0	0.8918360574
32100000.0	32200000.0	0.889103978312
32700000.0	32800000.0	0.890070042482
33150000.0	33250000.0	0.836291777284
33350000.0	33450000.0	0.770780996898
33450000.0	33550000.0	0.883338556184
33700000.0	33800000.0	0.890782994171
34450000.0	34550000.0	0.8679791399
34650000.0	34750000.0	0.889995051471
34750000.0	34850000.0	0.871597633261
35050000.0	35150000.0	0.79031827664
35150000.0	35250000.0	0.893960811402
35250000.0	35350000.0	0.681953922912
35300000.0	35400000.0	0.867348688349
35450000.0	35550000.0	0.846676141518
35500000.0	35600000.0	0.746218525065
35650000.0	35750000.0	0.853934363171
35750000.0	35850000.0	0.878463584694
35900000.0	36000000.0	0.879017599453
35950000.0	36050000.0	0.818530353799
36050000.0	36150000.0	0.726282419873
36100000.0	36200000.0	0.711311522987
36150000.0	36250000.0	0.878043912796
36200000.0	36300000.0	0.795321850123
36250000.0	36350000.0	0.822621543201
36300000.0	36400000.0	0.693442368765
36350000.0	36450000.0	0.886960295766
36600000.0	36700000.0	0.814974785571
36700000.0	36800000.0	0.672450214602
36750000.0	36850000.0	0.535854432583
37700000.0	37800000.0	0.768136633609
37750000.0	37850000.0	0.891402469174
37850000.0	37950000.0	0.80715791543
37900000.0	38000000.0	0.897545896307
38000000.0	38100000.0	0.716583288625
38050000.0	38150000.0	0.873403380087
38100000.0	38200000.0	0.853534699496
38150000.0	38250000.0	0.852591723765
38250000.0	38350000.0	0.859070455172
38300000.0	38400000.0	0.871257027985
39200000.0	39300000.0	0.740760976855
39900000.0	40000000.0	0.646375041774
40150000.0	40250000.0	0.61543566789
40200000.0	40300000.0	0.876552859984
40350000.0	40450000.0	0.881379309006
40400000.0	40500000.0	0.850770195257
40550000.0	40650000.0	0.89217963415
40600000.0	40700000.0	0.723703778214
40650000.0	40750000.0	0.796895827997
40800000.0	40900000.0	0.0074923333
40850000.0	40950000.0	0.482400420114
41000000.0	41100000.0	0.88754732617
41050000.0	41150000.0	0.849152642353
41100000.0	41200000.0	0.872430220955
41200000.0	41300000.0	0.803692118269
41300000.0	41400000.0	0.886201607846
41400000.0	41500000.0	0.624421065385
41700000.0	41800000.0	0.670222764062
41850000.0	41950000.0	0.825847607198
41950000.0	42050000.0	0.798611711202
42200000.0	42300000.0	0.895045903304
43150000.0	43250000.0	0.862257233572
43200000.0	43300000.0	0.84124997531
43250000.0	43350000.0	0.853276064855
43750000.0	43850000.0	0.890731809462
43800000.0	43900000.0	0.875079467776
43850000.0	43950000.0	0.899977479611
44150000.0	44250000.0	0.859500137198
45000000.0	45100000.0	0.889091811231
45050000.0	45150000.0	0.783461926446
45150000.0	45250000.0	0.632445780495
45200000.0	45300000.0	0.874937096318
45250000.0	45350000.0	0.805897175007
45450000.0	45550000.0	0.871753683506
45500000.0	45600000.0	0.807725477851
45550000.0	45650000.0	0.733706135713
45600000.0	45700000.0	0.782157481521
45750000.0	45850000.0	0.825561101743
46000000.0	46100000.0	0.792566243693
46200000.0	46300000.0	0.884674820748
46300000.0	46400000.0	0.880932338987
46550000.0	46650000.0	0.636636219157
46600000.0	46700000.0	0.567958204297
47050000.0	47150000.0	0.547266563186
47250000.0	47350000.0	0.815862903015
47300000.0	47400000.0	0.870684427137
48250000.0	48350000.0	0.868396390301
48300000.0	48400000.0	0.897062702209
48850000.0	48950000.0	0.891425573253
48950000.0	49050000.0	0.764480225858
49050000.0	49150000.0	0.89193430643
49100000.0	49200000.0	0.898908988854
49250000.0	49350000.0	0.811782411044
49300000.0	49400000.0	0.8648543121
49450000.0	49550000.0	0.861643807817
49500000.0	49600000.0	0.879385163713
49550000.0	49650000.0	0.802379466547
49650000.0	49750000.0	0.898336597255
50000000.0	50100000.0	0.829142356024
50150000.0	50250000.0	0.890013233449
50200000.0	50300000.0	0.85422366521
50250000.0	50350000.0	0.880979608887
50300000.0	50400000.0	0.890795198929
50400000.0	50500000.0	0.848677449208
50450000.0	50550000.0	0.71163534493
50650000.0	50750000.0	0.86279939695
50750000.0	50850000.0	0.806005194495
50800000.0	50900000.0	0.848454524575
51150000.0	51250000.0	0.832330806226
51200000.0	51300000.0	0.879325521693
51250000.0	51350000.0	0.800141063372
51500000.0	51600000.0	0.887409057382
51600000.0	51700000.0	0.87230517547
51700000.0	51800000.0	0.867414781738
51750000.0	51850000.0	0.801343700843
51900000.0	52000000.0	0.734645637771
51950000.0	52050000.0	0.887706127799
52050000.0	52150000.0	0.814796420606
52100000.0	52200000.0	0.795511438269
52150000.0	52250000.0	0.893817459673
52200000.0	52300000.0	0.829522618558
52450000.0	52550000.0	0.869574983201
52900000.0	53000000.0	0.575416352724
53050000.0	53150000.0	0.864794685429
53100000.0	53200000.0	0.866228744276
53250000.0	53350000.0	0.758727465518
53350000.0	53450000.0	0.808009790317
53400000.0	53500000.0	0.88361007236
53450000.0	53550000.0	0.755868463255
53500000.0	53600000.0	0.750695879588
53700000.0	53800000.0	0.895115979291
53750000.0	53850000.0	0.885036647061
53800000.0	53900000.0	0.891650710982
54600000.0	54700000.0	0.833986653075
54650000.0	54750000.0	0.790742289322
54950000.0	55050000.0	0.881976506951
55250000.0	55350000.0	0.785863168668
55950000.0	56050000.0	0.81576354528
56000000.0	56100000.0	0.880426049708
56100000.0	56200000.0	0.812959994528
56200000.0	56300000.0	0.884846156382
56300000.0	56400000.0	0.859413520105
56700000.0	56800000.0	0.773463404111
56750000.0	56850000.0	0.694987653416
56800000.0	56900000.0	0.675564397567
56850000.0	56950000.0	0.891341769256
57100000.0	57200000.0	0.855053514735
57150000.0	57250000.0	0.716379938505
57200000.0	57300000.0	0.850622709252
57250000.0	57350000.0	0.872530367793
57300000.0	57400000.0	0.826828339668
57350000.0	57450000.0	0.802430611094
57400000.0	57500000.0	0.792701426907
57450000.0	57550000.0	0.866627502851
57600000.0	57700000.0	0.852859445337
57750000.0	57850000.0	0.80037605363
57800000.0	57900000.0	0.800289008964
57900000.0	58000000.0	0.880710190022
58100000.0	58200000.0	0.688868099736
58150000.0	58250000.0	0.889645427005
58250000.0	58350000.0	0.891600213076
58300000.0	58400000.0	0.791730390324
58350000.0	58450000.0	0.83588410042
58450000.0	58550000.0	0.71136886899
58550000.0	58650000.0	0.892530239063
58600000.0	58700000.0	0.856453192252
58700000.0	58800000.0	0.808084393532
58850000.0	58950000.0	0.389737044417
58900000.0	59000000.0	0.88727368542
59150000.0	59250000.0	0.80624732289
59200000.0	59300000.0	0.897463081186
59250000.0	59350000.0	0.766491106769
59500000.0	59600000.0	0.639052334463
59600000.0	59700000.0	0.746806699119
59750000.0	59850000.0	0.768703954284
59800000.0	59900000.0	0.873210232003
59850000.0	59950000.0	0.81554642908
59900000.0	60000000.0	0.886951279778
59950000.0	60050000.0	0.712380389244
60000000.0	60100000.0	0.835415758375
60050000.0	60150000.0	0.89923981476
60100000.0	60200000.0	0.796941379627
60150000.0	60250000.0	0.55717459371
60200000.0	60300000.0	0.891137022061
60250000.0	60350000.0	0.866655675085
60300000.0	60400000.0	0.831873596216
60350000.0	60450000.0	0.788913279885
60400000.0	60500000.0	0.812973638149
60450000.0	60550000.0	0.866318185895
60500000.0	60600000.0	0.85993833326
60550000.0	60650000.0	0.771936774555
60600000.0	60700000.0	0.899371545465
60700000.0	60800000.0	0.840286586997
60750000.0	60850000.0	0.800826127835
60850000.0	60950000.0	0.817496977517
61450000.0	61550000.0	0.817160444965
62700000.0	62800000.0	0.81005412718
62750000.0	62850000.0	0.890214018933
62800000.0	62900000.0	0.759657307262
62850000.0	62950000.0	0.851325248924
62900000.0	63000000.0	0.891622573318
63000000.0	63100000.0	0.681406299242
63050000.0	63150000.0	0.89278550658
63150000.0	63250000.0	0.876058675615
63650000.0	63750000.0	0.894032155501
63700000.0	63800000.0	0.875882486584
63900000.0	64000000.0	0.837697310179
64000000.0	64100000.0	0.787037911846
64400000.0	64500000.0	0.882283756597
64700000.0	64800000.0	0.795719644163
65050000.0	65150000.0	0.891369659648
65200000.0	65300000.0	0.80669302986
65650000.0	65750000.0	0.890078552968
66050000.0	66150000.0	0.80586948058
66350000.0	66450000.0	0.83272841022
66400000.0	66500000.0	0.81864973445
66450000.0	66550000.0	0.758133822657
66500000.0	66600000.0	0.756865589083
66550000.0	66650000.0	0.823857146362
66650000.0	66750000.0	0.548532127892
66700000.0	66800000.0	0.888351305313
66750000.0	66850000.0	0.880174191566
66800000.0	66900000.0	0.746992479645
66900000.0	67000000.0	0.578557806688
66950000.0	67050000.0	0.808940343991
67150000.0	67250000.0	0.664670323623
67300000.0	67400000.0	0.845554988204
67350000.0	67450000.0	0.863376337226
67450000.0	67550000.0	0.652041492623
67500000.0	67600000.0	0.62621554047
67550000.0	67650000.0	0.830556453706
67900000.0	68000000.0	0.806028637003
67950000.0	68050000.0	0.813141633265
68100000.0	68200000.0	0.895826154301
68150000.0	68250000.0	0.865335967378
68200000.0	68300000.0	0.886941390317
68250000.0	68350000.0	0.849053634125
68300000.0	68400000.0	0.744328952071
68650000.0	68750000.0	0.734823308762
68700000.0	68800000.0	0.881167031141
68750000.0	68850000.0	0.865162519195
68950000.0	69050000.0	0.721554313325
69200000.0	69300000.0	0.889204984116
69250000.0	69350000.0	0.848369936134
69300000.0	69400000.0	0.876652232685
69400000.0	69500000.0	0.872100823736
70150000.0	70250000.0	0.891592519435
70250000.0	70350000.0	0.897993376531
70600000.0	70700000.0	0.740232292912
70700000.0	70800000.0	0.866978137057
70750000.0	70850000.0	0.813990912259
71050000.0	71150000.0	0.898493077016
71200000.0	71300000.0	0.870043768408
71250000.0	71350000.0	0.887039319447
71300000.0	71400000.0	0.893686635919
71600000.0	71700000.0	0.782854626779
71900000.0	72000000.0	0.731475784883
71950000.0	72050000.0	0.862933462599
72000000.0	72100000.0	0.83556666666
72050000.0	72150000.0	0.501833116289
72100000.0	72200000.0	0.832870443619
72150000.0	72250000.0	0.697970911035
72200000.0	72300000.0	0.835009682728
72350000.0	72450000.0	0.503505682574
72400000.0	72500000.0	0.883348952414
72500000.0	72600000.0	0.828096138076
72600000.0	72700000.0	0.84406341592
72700000.0	72800000.0	0.873763262689
72800000.0	72900000.0	0.836442159549
72850000.0	72950000.0	0.839830352235
72950000.0	73050000.0	0.816456824766
73150000.0	73250000.0	0.574857911178
73300000.0	73400000.0	0.683057869296
73650000.0	73750000.0	0.844385447526
73700000.0	73800000.0	0.840788669666
73800000.0	73900000.0	0.861923928262
73850000.0	73950000.0	0.880870194013
73950000.0	74050000.0	0.759730479619
74000000.0	74100000.0	0.77638886193
74600000.0	74700000.0	0.889073269263
74650000.0	74750000.0	0.888914948296
74750000.0	74850000.0	0.796019562438
74900000.0	75000000.0	0.896377951996
75450000.0	75550000.0	0.858102837804
75500000.0	75600000.0	0.86887807334
75550000.0	75650000.0	0.896237563613
76000000.0	76100000.0	0.885235353667
76250000.0	76350000.0	0.64453628495
76300000.0	76400000.0	0.759069297836
76500000.0	76600000.0	0.66583545504
76650000.0	76750000.0	0.875114674522
76800000.0	76900000.0	0.881725550938
76850000.0	76950000.0	0.65646801772
76950000.0	77050000.0	0.861899083187
77000000.0	77100000.0	0.864504817001
77050000.0	77150000.0	0.801747276451
77100000.0	77200000.0	0.828531806098
77150000.0	77250000.0	0.89702500215
77200000.0	77300000.0	0.602070314026
77250000.0	77350000.0	0.890478497072
77300000.0	77400000.0	0.892646222485
77350000.0	77450000.0	0.879851819298
77500000.0	77600000.0	0.791309664553
77550000.0	77650000.0	0.719855924774
77600000.0	77700000.0	0.854107830291
77800000.0	77900000.0	0.893397915017
77850000.0	77950000.0	0.876214597499
77900000.0	78000000.0	0.870537452064
77950000.0	78050000.0	0.897160345374
78100000.0	78200000.0	0.898400018921
78150000.0	78250000.0	0.880086838392
78200000.0	78300000.0	0.868699163839
78250000.0	78350000.0	0.823007197967
78350000.0	78450000.0	0.678688731275
78400000.0	78500000.0	0.78677369396
79250000.0	79350000.0	0.839878935092
79300000.0	79400000.0	0.885865348304
79350000.0	79450000.0	0.798364328278
79450000.0	79550000.0	0.879227882221
79550000.0	79650000.0	0.782991185456
79600000.0	79700000.0	0.893470793849
79650000.0	79750000.0	0.623010927666
79700000.0	79800000.0	0.862353746201
79850000.0	79950000.0	0.861922571134
80000000.0	80100000.0	0.739373269548
80200000.0	80300000.0	0.818152991664
80350000.0	80450000.0	0.879598344597
80500000.0	80600000.0	0.639104625357
80550000.0	80650000.0	0.85407839916
80800000.0	80900000.0	0.76832764142
81000000.0	81100000.0	0.630509279346
81200000.0	81300000.0	0.854291023635
81350000.0	81450000.0	0.708832184163
81400000.0	81500000.0	0.876784078736
81500000.0	81600000.0	0.638964296888
81550000.0	81650000.0	0.85615886557
81650000.0	81750000.0	0.467048839277
81800000.0	81900000.0	0.832281475365
81900000.0	82000000.0	0.890179550249
82000000.0	82100000.0	0.605770393011
82050000.0	82150000.0	0.864767628473
82100000.0	82200000.0	0.79965739772
82200000.0	82300000.0	0.881309737829
82300000.0	82400000.0	0.692421942444
82400000.0	82500000.0	0.836904812684
82700000.0	82800000.0	0.79712967003
82850000.0	82950000.0	0.806817672407
83050000.0	83150000.0	0.873239940794
83250000.0	83350000.0	0.89123070868
83300000.0	83400000.0	0.897648666954
83500000.0	83600000.0	0.830216659541
83550000.0	83650000.0	0.755812126471
83750000.0	83850000.0	0.847831824595
83900000.0	84000000.0	0.835782641936
83950000.0	84050000.0	0.753052476191
84150000.0	84250000.0	0.871095412482
84250000.0	84350000.0	0.709464600407
84300000.0	84400000.0	0.756611055679
84500000.0	84600000.0	0.865212122013
84750000.0	84850000.0	0.899386937455
84850000.0	84950000.0	0.747222968752
84900000.0	85000000.0	0.888032717628
85050000.0	85150000.0	0.884264633035
85100000.0	85200000.0	0.851506513457
86650000.0	86750000.0	0.878032869194
86700000.0	86800000.0	0.760475548073
86850000.0	86950000.0	0.833967991757
86900000.0	87000000.0	0.822336894094
86950000.0	87050000.0	0.895111449586
87000000.0	87100000.0	0.79624191003
87050000.0	87150000.0	0.566837753483
87100000.0	87200000.0	0.44085750529
87150000.0	87250000.0	0.316186066381
87200000.0	87300000.0	0.354676348193
87250000.0	87350000.0	0.487387061436
87300000.0	87400000.0	0.471313402083
87350000.0	87450000.0	0.485558236176
87400000.0	87500000.0	0.528045514517
87450000.0	87550000.0	0.53798598524
87500000.0	87600000.0	0.464444408933
87550000.0	87650000.0	0.372203677281
87600000.0	87700000.0	0.253293612849
87650000.0	87750000.0	0.185502058228
87700000.0	87800000.0	0.400634481484
87750000.0	87850000.0	0.542819273863
87800000.0	87900000.0	0.537785928672
87850000.0	87950000.0	0.532025512052
87900000.0	88000000.0	0.495837129262
87950000.0	88050000.0	0.454420446229
88000000.0	88100000.0	0.32958890612
88050000.0	88150000.0	0.321270188527
88100000.0	88200000.0	0.459509908946
88150000.0	88250000.0	0.510707103905
88200000.0	88300000.0	0.49024999105
88250000.0	88350000.0	0.73104621564
89000000.0	89100000.0	0.851735998769
89050000.0	89150000.0	0.829950891309
89150000.0	89250000.0	0.857252757267
89200000.0	89300000.0	0.888239979944
89250000.0	89350000.0	0.72997422249
89300000.0	89400000.0	0.589536892402
89350000.0	89450000.0	0.579810817386
89400000.0	89500000.0	0.587852548878
89450000.0	89550000.0	0.577335374237
89500000.0	89600000.0	0.552023218263
89550000.0	89650000.0	0.417856271353
89600000.0	89700000.0	0.14671649974
89650000.0	89750000.0	0.0
89700000.0	89800000.0	0.0
89750000.0	89850000.0	0.182297326414
89800000.0	89900000.0	0.632912492954
89850000.0	89950000.0	0.674431031098
89900000.0	90000000.0	0.527901583692
89950000.0	90050000.0	0.56869638135
90000000.0	90100000.0	0.607096817111
90050000.0	90150000.0	0.664975817585
90100000.0	90200000.0	0.627552884123
90150000.0	90250000.0	0.654223396227
90200000.0	90300000.0	0.589016612037
90250000.0	90350000.0	0.250937499323
90300000.0	90400000.0	0.152740696115
90350000.0	90450000.0	0.311667774639
90400000.0	90500000.0	0.427221444116
90450000.0	90550000.0	0.33651456493
90500000.0	90600000.0	0.111746533738
90550000.0	90650000.0	0.0
90600000.0	90700000.0	0.0
90650000.0	90750000.0	0.0
90700000.0	90800000.0	0.0
90750000.0	90850000.0	0.0
90800000.0	90900000.0	0.0
90850000.0	90950000.0	0.0
90900000.0	91000000.0	0.0
90950000.0	91050000.0	0.0
91000000.0	91100000.0	0.0
91050000.0	91150000.0	0.0
91100000.0	91200000.0	0.0
91150000.0	91250000.0	0.0
91200000.0	91300000.0	0.0
91250000.0	91350000.0	0.0
91300000.0	91400000.0	0.0
91350000.0	91450000.0	0.0
91400000.0	91500000.0	0.0
91450000.0	91550000.0	0.0
91500000.0	91600000.0	0.01594283495
91550000.0	91650000.0	0.213700307485
91600000.0	91700000.0	0.423698317015
91650000.0	91750000.0	0.395632418453
91700000.0	91800000.0	0.58000576287
91750000.0	91850000.0	0.778009976084
91800000.0	91900000.0	0.597794363636
91850000.0	91950000.0	0.55522772509
91900000.0	92000000.0	0.561391505268
91950000.0	92050000.0	0.444560999964
92000000.0	92100000.0	0.459570723724
92050000.0	92150000.0	0.506536732871
92100000.0	92200000.0	0.509587329634
92150000.0	92250000.0	0.383479348719
92200000.0	92300000.0	0.456586765488
92250000.0	92350000.0	0.426719187911
92300000.0	92400000.0	0.097429337348
92350000.0	92450000.0	0.0
92400000.0	92500000.0	0.0
92450000.0	92550000.0	0.0
92500000.0	92600000.0	0.0
92550000.0	92650000.0	0.0
92600000.0	92700000.0	0.0
92650000.0	92750000.0	0.0
92700000.0	92800000.0	0.0
92750000.0	92850000.0	0.0
92800000.0	92900000.0	0.0
92850000.0	92950000.0	0.0
92900000.0	93000000.0	0.0
92950000.0	93050000.0	0.0
93000000.0	93100000.0	0.0
93050000.0	93150000.0	0.0
93100000.0	93200000.0	0.0
93150000.0	93250000.0	0.0
93200000.0	93300000.0	0.0
93250000.0	93350000.0	0.0
93300000.0	93400000.0	0.0
93350000.0	93450000.0	0.0
93400000.0	93500000.0	0.0
93450000.0	93550000.0	0.0
93500000.0	93600000.0	0.0
93550000.0	93650000.0	0.0
93600000.0	93700000.0	0.0
93650000.0	93750000.0	0.0
93700000.0	93800000.0	0.0
93750000.0	93850000.0	0.0
93800000.0	93900000.0	0.0
93850000.0	93950000.0	0.0
93900000.0	94000000.0	0.0
93950000.0	94050000.0	0.0
94000000.0	94100000.0	0.0
94050000.0	94150000.0	0.0
94100000.0	94200000.0	0.0
94150000.0	94250000.0	0.0
94200000.0	94300000.0	0.0
94250000.0	94350000.0	0.0
94300000.0	94400000.0	0.0
94350000.0	94450000.0	0.0
94400000.0	94500000.0	0.0
94450000.0	94550000.0	0.0
94500000.0	94600000.0	0.0
94550000.0	94650000.0	0.0
94600000.0	94700000.0	0.0
94650000.0	94750000.0	0.0
94700000.0	94800000.0	0.0
94750000.0	94850000.0	0.0
94800000.0	94900000.0	0.0
94850000.0	94950000.0	0.0
94900000.0	95000000.0	0.0
94950000.0	95050000.0	0.0
95000000.0	95100000.0	0.0
95050000.0	95150000.0	0.0
95100000.0	95200000.0	0.0
95150000.0	95250000.0	0.0
95200000.0	95300000.0	0.0
95250000.0	95350000.0	0.111846511916
95300000.0	95400000.0	0.366723222982
95350000.0	95450000.0	0.666510303406
95400000.0	95500000.0	0.676636079403
95450000.0	95550000.0	0.607497041233
95500000.0	95600000.0	0.804586705749
95950000.0	96050000.0	0.737073992577
96000000.0	96100000.0	0.820033958763
96050000.0	96150000.0	0.589509559007
96100000.0	96200000.0	0.663206286327
96200000.0	96300000.0	0.692444794102
96250000.0	96350000.0	0.57654733548
96300000.0	96400000.0	0.785819720996
96350000.0	96450000.0	0.774739063697
96400000.0	96500000.0	0.625680552167
96450000.0	96550000.0	0.533968143486
96500000.0	96600000.0	0.522403697316
96550000.0	96650000.0	0.545590329356
96600000.0	96700000.0	0.608836307481
96650000.0	96750000.0	0.624010345633
96700000.0	96800000.0	0.769871531978
97600000.0	97700000.0	0.871855505733
97650000.0	97750000.0	0.627224728025
97700000.0	97800000.0	0.57951611065
97750000.0	97850000.0	0.580203840179
97800000.0	97900000.0	0.552575645092
97850000.0	97950000.0	0.491152355904
97900000.0	98000000.0	0.407110734405
97950000.0	98050000.0	0.476876734538
98000000.0	98100000.0	0.483227954929
98050000.0	98150000.0	0.410122296304
98100000.0	98200000.0	0.497372026751
98150000.0	98250000.0	0.549040093301
98200000.0	98300000.0	0.717716903981
98400000.0	98500000.0	0.87624596443
98800000.0	98900000.0	0.876886935956
98850000.0	98950000.0	0.836107119562
99000000.0	99100000.0	0.756266979736
99100000.0	99200000.0	0.851615949495
99200000.0	99300000.0	0.872396318042
99300000.0	99400000.0	0.866135973481
99550000.0	99650000.0	0.808564114916
99800000.0	99900000.0	0.895993363422
100650000.0	100750000.0	0.809266405358
100700000.0	100800000.0	0.819970606784
100850000.0	100950000.0	0.809545581962
101550000.0	101650000.0	0.846716052315
101600000.0	101700000.0	0.894367024525
102450000.0	102550000.0	0.558529205685
102600000.0	102700000.0	0.796422240375
102850000.0	102950000.0	0.738602536501
102900000.0	103000000.0	0.894878238296
103100000.0	103200000.0	0.875311860798
103200000.0	103300000.0	0.846584745343
103400000.0	103500000.0	0.873149168139
103550000.0	103650000.0	0.770539964021
103600000.0	103700000.0	0.73336217335
103650000.0	103750000.0	0.89409131739
103950000.0	104050000.0	0.890767505165
104050000.0	104150000.0	0.781362378649
104100000.0	104200000.0	0.858177069426
104250000.0	104350000.0	0.834268753542
104350000.0	104450000.0	0.863755235324
104500000.0	104600000.0	0.879435593106
104650000.0	104750000.0	0.739228495721
104850000.0	104950000.0	0.883284145412
104900000.0	105000000.0	0.83613098799
105050000.0	105150000.0	0.896443931141
105400000.0	105500000.0	0.661962219528
105450000.0	105550000.0	0.766224011333
105550000.0	105650000.0	0.883748991386
105700000.0	105800000.0	0.872664549283
105750000.0	105850000.0	0.854479759458
105800000.0	105900000.0	0.890391724575
105900000.0	106000000.0	0.87479878314
105950000.0	106050000.0	0.865606111838
106250000.0	106350000.0	0.821535258397
106450000.0	106550000.0	0.821345646981
106500000.0	106600000.0	0.857297268269
106700000.0	106800000.0	0.712939825696
106800000.0	106900000.0	0.892929259286
106850000.0	106950000.0	0.898719543347
106950000.0	107050000.0	0.574517925161
107000000.0	107100000.0	0.339494770954
107050000.0	107150000.0	0.567966210977
107100000.0	107200000.0	0.875230071723
107350000.0	107450000.0	0.752718874851
107450000.0	107550000.0	0.755337083708
107600000.0	107700000.0	0.746387674621
107900000.0	108000000.0	0.867641256165
107950000.0	108050000.0	0.638436232221
108250000.0	108350000.0	0.852192416937
108300000.0	108400000.0	0.775301219903
108400000.0	108500000.0	0.444671988862
108450000.0	108550000.0	0.4110801528
108500000.0	108600000.0	0.742381236007
108550000.0	108650000.0	0.869500454238
108650000.0	108750000.0	0.864053305382
108750000.0	108850000.0	0.760878459717
108800000.0	108900000.0	0.848990369263
108850000.0	108950000.0	0.893683392042
109050000.0	109150000.0	0.824987377042
109100000.0	109200000.0	0.821272851302
109200000.0	109300000.0	0.794291896609
109250000.0	109350000.0	0.717608626874
109300000.0	109400000.0	0.677672655563
109350000.0	109450000.0	0.780673397786
109500000.0	109600000.0	0.830438837388
109800000.0	109900000.0	0.837317695592
109900000.0	110000000.0	0.876222519225
109950000.0	110050000.0	0.761145666172
110050000.0	110150000.0	0.551241850158
110100000.0	110200000.0	0.0854118015832
110150000.0	110250000.0	0.0
110200000.0	110300000.0	0.231735176526
110250000.0	110350000.0	0.724411955062
110450000.0	110550000.0	0.68635114961
110500000.0	110600000.0	0.325935554732
110550000.0	110650000.0	0.262452916101
110600000.0	110700000.0	0.34529816883
110650000.0	110750000.0	0.378806993356
110700000.0	110800000.0	0.416143367137
110750000.0	110850000.0	0.461251512926
110800000.0	110900000.0	0.691821792525
110900000.0	111000000.0	0.778108378646
110950000.0	111050000.0	0.565919475313
111000000.0	111100000.0	0.428255278463
111050000.0	111150000.0	0.460829829856
111100000.0	111200000.0	0.393110992835
111150000.0	111250000.0	0.350138688485
111200000.0	111300000.0	0.312020998485
111250000.0	111350000.0	0.267135738414
111300000.0	111400000.0	0.408731681205
111350000.0	111450000.0	0.762524113915
111400000.0	111500000.0	0.789528606717
111650000.0	111750000.0	0.761352692507
111800000.0	111900000.0	0.89534667991
111900000.0	112000000.0	0.866935912095
111950000.0	112050000.0	0.737473788964
112000000.0	112100000.0	0.476180700828
112050000.0	112150000.0	0.51375257382
112100000.0	112200000.0	0.525027668348
112150000.0	112250000.0	0.544010264449
112200000.0	112300000.0	0.555441101204
112250000.0	112350000.0	0.561212955853
112300000.0	112400000.0	0.656159057166
112350000.0	112450000.0	0.860000213761
112400000.0	112500000.0	0.866246181227
112450000.0	112550000.0	0.648196010095
112500000.0	112600000.0	0.51811333542
112550000.0	112650000.0	0.591705080297
112600000.0	112700000.0	0.842316053254
112700000.0	112800000.0	0.847453463582
113000000.0	113100000.0	0.851735795992
113050000.0	113150000.0	0.697621277493
113100000.0	113200000.0	0.368901015687
113150000.0	113250000.0	0.625508203557
113200000.0	113300000.0	0.84480464766
113250000.0	113350000.0	0.877745166796
113400000.0	113500000.0	0.871076613996
113700000.0	113800000.0	0.896330164869
114000000.0	114100000.0	0.865667150934
114050000.0	114150000.0	0.881918170666
114100000.0	114200000.0	0.685707683726
114150000.0	114250000.0	0.370058141635
114200000.0	114300000.0	0.308859378106
114250000.0	114350000.0	0.341411175002
114300000.0	114400000.0	0.355600349049
114350000.0	114450000.0	0.53353952359
114400000.0	114500000.0	0.835318127198
114800000.0	114900000.0	0.760867878873
114900000.0	115000000.0	0.89640785676
115050000.0	115150000.0	0.8680658311
115250000.0	115350000.0	0.868147816043
115600000.0	115700000.0	0.654307581419
116000000.0	116100000.0	0.806072188141
116050000.0	116150000.0	0.643148508838
116100000.0	116200000.0	0.889794859357
116150000.0	116250000.0	0.676101436106
116200000.0	116300000.0	0.831572302697
116250000.0	116350000.0	0.695927012035
116300000.0	116400000.0	0.800519177844
116350000.0	116450000.0	0.681805030205
116500000.0	116600000.0	0.768834557265
116550000.0	116650000.0	0.88577299625
116750000.0	116850000.0	0.898500879584
116800000.0	116900000.0	0.838404519448
116850000.0	116950000.0	0.85307089312
116950000.0	117050000.0	0.682923443072
117000000.0	117100000.0	0.884303895388
117100000.0	117200000.0	0.822883824516
117200000.0	117300000.0	0.83093677358
117250000.0	117350000.0	0.81484250991
117300000.0	117400000.0	0.847837531727
117350000.0	117450000.0	0.878760428017
117750000.0	117850000.0	0.883587398433
117900000.0	118000000.0	0.891975444483
117950000.0	118050000.0	0.863378783917
118050000.0	118150000.0	0.726145539231
118150000.0	118250000.0	0.826155670508
118200000.0	118300000.0	0.863425289869
118250000.0	118350000.0	0.752100418084
118300000.0	118400000.0	0.850203736754
118350000.0	118450000.0	0.871267780018
118400000.0	118500000.0	0.881035070049
118450000.0	118550000.0	0.685905333951
118500000.0	118600000.0	0.816674075211
118550000.0	118650000.0	0.894595831999
118600000.0	118700000.0	0.848596479137
118650000.0	118750000.0	0.865236096647
119050000.0	119150000.0	0.872939633144
119150000.0	119250000.0	0.888018761879
119200000.0	119300000.0	0.879292689829
119400000.0	119500000.0	0.594413711489
119600000.0	119700000.0	0.721141852111
119700000.0	119800000.0	0.866558414928
119750000.0	119850000.0	0.896269611631
119900000.0	120000000.0	0.711139027247
120000000.0	120100000.0	0.834244612386
120300000.0	120400000.0	0.8828024574
121100000.0	121200000.0	0.800783021008
121200000.0	121300000.0	0.665426097292
121300000.0	121400000.0	0.839324847817
121500000.0	121600000.0	0.884105426092
121700000.0	121800000.0	0.769022580623
121750000.0	121850000.0	0.813696465306
122700000.0	122800000.0	0.898079093276
122750000.0	122850000.0	0.804698100481
122800000.0	122900000.0	0.894068460834
123050000.0	123150000.0	0.797477204643
123350000.0	123450000.0	0.880947192715
123500000.0	123600000.0	0.666315986462
123650000.0	123750000.0	0.856391488408
123700000.0	123800000.0	0.894026818202
123800000.0	123900000.0	0.834476374743
123850000.0	123950000.0	0.785621505304
123900000.0	124000000.0	0.546169561816
124100000.0	124200000.0	0.825814862993
124200000.0	124300000.0	0.850899623047
124400000.0	124500000.0	0.811692371715
124450000.0	124550000.0	0.865367314841
124500000.0	124600000.0	0.84047746353
124650000.0	124750000.0	0.868199483542
124800000.0	124900000.0	0.799120512908
124850000.0	124950000.0	0.890963307443
125050000.0	125150000.0	0.874084170282
125100000.0	125200000.0	0.746329686322
125150000.0	125250000.0	0.850824314983
125250000.0	125350000.0	0.318729099503
125300000.0	125400000.0	0.760101397056
125400000.0	125500000.0	0.870275425697
125450000.0	125550000.0	0.852668965362
125550000.0	125650000.0	0.881017538887
125650000.0	125750000.0	0.837566479165
125750000.0	125850000.0	0.802787011341
125800000.0	125900000.0	0.795711515409
125850000.0	125950000.0	0.89108387689
126000000.0	126100000.0	0.878636470521
126050000.0	126150000.0	0.879193498451
126100000.0	126200000.0	0.862544709827
126150000.0	126250000.0	0.86295772198
126350000.0	126450000.0	0.86788257581
126450000.0	126550000.0	0.880063798134
126500000.0	126600000.0	0.861189151063
126550000.0	126650000.0	0.885028368434
126850000.0	126950000.0	0.881742325601
126900000.0	127000000.0	0.799530670727
127300000.0	127400000.0	0.858011345734
127350000.0	127450000.0	0.837236551341
127600000.0	127700000.0	0.877281043332
127700000.0	127800000.0	0.899399508789
127800000.0	127900000.0	0.658938326035
128400000.0	128500000.0	0.855501324612
128500000.0	128600000.0	0.890155856375
128750000.0	128850000.0	0.857528102624
129300000.0	129400000.0	0.804278500291
129550000.0	129650000.0	0.806367277457
129600000.0	129700000.0	0.866643111204
129650000.0	129750000.0	0.826909142408
129900000.0	130000000.0	0.762759713819
130300000.0	130400000.0	0.796950619481
130350000.0	130450000.0	0.897018967714
130550000.0	130650000.0	0.846474058861
130650000.0	130750000.0	0.865881804071
130700000.0	130800000.0	0.742047516423
130750000.0	130850000.0	0.521368290126
130800000.0	130900000.0	0.420895389857
130850000.0	130950000.0	0.654996956955
130900000.0	131000000.0	0.782756446235
130950000.0	131050000.0	0.789737853458
131100000.0	131200000.0	0.72348338411
131150000.0	131250000.0	0.394073202308
131200000.0	131300000.0	0.399077608318
131250000.0	131350000.0	0.491280767224
131300000.0	131400000.0	0.460575721118
131350000.0	131450000.0	0.366161962074
131400000.0	131500000.0	0.509545180893
131450000.0	131550000.0	0.833600253054
131650000.0	131750000.0	0.878373832843
131800000.0	131900000.0	0.87165595501
131850000.0	131950000.0	0.85948375587
131900000.0	132000000.0	0.639364410959
131950000.0	132050000.0	0.446342897299
132000000.0	132100000.0	0.515642224626
132050000.0	132150000.0	0.677704647631
132100000.0	132200000.0	0.77950123982
132150000.0	132250000.0	0.81746145968
132200000.0	132300000.0	0.771216221956
132250000.0	132350000.0	0.848196701307
132300000.0	132400000.0	0.831441168489
132350000.0	132450000.0	0.774208407471
132400000.0	132500000.0	0.783442406419
132450000.0	132550000.0	0.714425503486
132500000.0	132600000.0	0.646819594986
132550000.0	132650000.0	0.608423538122
132600000.0	132700000.0	0.648249185635
132650000.0	132750000.0	0.596339282988
132700000.0	132800000.0	0.567405472426
132750000.0	132850000.0	0.570176419863
132800000.0	132900000.0	0.51663201581
132850000.0	132950000.0	0.546219222952
132900000.0	133000000.0	0.557483371084
132950000.0	133050000.0	0.758155014254
133050000.0	133150000.0	0.869340093654
133200000.0	133300000.0	0.845001629186
133350000.0	133450000.0	0.816140102032
133600000.0	133700000.0	0.861350578883
133700000.0	133800000.0	0.867183821748
133750000.0	133850000.0	0.875784767864
133800000.0	133900000.0	0.817292539588
133850000.0	133950000.0	0.882919159172
133900000.0	134000000.0	0.668631798695
133950000.0	134050000.0	0.892172311051
134000000.0	134100000.0	0.703000495728
134050000.0	134150000.0	0.868396078112
134150000.0	134250000.0	0.611797620138
134200000.0	134300000.0	0.724721841213
134250000.0	134350000.0	0.681858890859
134300000.0	134400000.0	0.854060696929
134400000.0	134500000.0	0.876992328612
134600000.0	134700000.0	0.87218724419
134700000.0	134800000.0	0.619549653164
134750000.0	134850000.0	0.773374767971
134950000.0	135050000.0	0.796853448841
135100000.0	135200000.0	0.635250572851
135150000.0	135250000.0	0.527746651442
135350000.0	135450000.0	0.865451058105
135400000.0	135500000.0	0.899451772253
135500000.0	135600000.0	0.89109091343
135550000.0	135650000.0	0.810948546399
135700000.0	135800000.0	0.888596885742
136150000.0	136250000.0	0.855077831465
137250000.0	137350000.0	0.847995479372
137400000.0	137500000.0	0.615595872444
137500000.0	137600000.0	0.853437321787
137550000.0	137650000.0	0.820751895528
137600000.0	137700000.0	0.848442441788
137800000.0	137900000.0	0.887185004561
137950000.0	138050000.0	0.801381006427
138000000.0	138100000.0	0.810213024618
138050000.0	138150000.0	0.890431742064
138100000.0	138200000.0	0.729086830369
138250000.0	138350000.0	0.832566223896
138300000.0	138400000.0	0.79868479763
138350000.0	138450000.0	0.89302571332
138400000.0	138500000.0	0.819091294991
138500000.0	138600000.0	0.827012440037
138600000.0	138700000.0	0.873877190917
138850000.0	138950000.0	0.867746911808
139100000.0	139200000.0	0.889548350939
139150000.0	139250000.0	0.794198325644
139250000.0	139350000.0	0.792116824338
139450000.0	139550000.0	0.87223554009
139500000.0	139600000.0	0.693301740137
139750000.0	139850000.0	0.852933272781
139800000.0	139900000.0	0.663456131787
140250000.0	140350000.0	0.54525540117
140350000.0	140450000.0	0.863019382856
140550000.0	140650000.0	0.87482387898
140600000.0	140700000.0	0.89176419129
140750000.0	140850000.0	0.868011132449
140850000.0	140950000.0	0.846778492374
140900000.0	141000000.0	0.752060254725
140950000.0	141050000.0	0.79229829529
141000000.0	141100000.0	0.837146735022
141050000.0	141150000.0	0.869531553708
141150000.0	141250000.0	0.860581997112
141250000.0	141350000.0	0.854244905876
141350000.0	141450000.0	0.806638655891
141450000.0	141550000.0	0.702194451731
141650000.0	141750000.0	0.810855319295
141700000.0	141800000.0	0.89548181389
141750000.0	141850000.0	0.868348148476
141850000.0	141950000.0	0.838005030152
141950000.0	142050000.0	0.882893526562
142150000.0	142250000.0	0.806241379945
142250000.0	142350000.0	0.894870699351
142400000.0	142500000.0	0.792788071161
142450000.0	142550000.0	0.764506932504
142500000.0	142600000.0	0.887789653278
142600000.0	142700000.0	0.775364275462
142650000.0	142750000.0	0.760627489972
142700000.0	142800000.0	0.875239109479
142750000.0	142850000.0	0.814243106468
142850000.0	142950000.0	0.579804359697
143000000.0	143100000.0	0.580608879747
143050000.0	143150000.0	0.811073114135
143100000.0	143200000.0	0.739985646772
143150000.0	143250000.0	0.8471390861
143350000.0	143450000.0	0.88483875894
143550000.0	143650000.0	0.840862045967
143600000.0	143700000.0	0.843244862423
143700000.0	143800000.0	0.87747731486
143750000.0	143850000.0	0.800267528643
143950000.0	144050000.0	0.79154351038
144000000.0	144100000.0	0.7004360927
144050000.0	144150000.0	0.883995804709
144150000.0	144250000.0	0.527065750105
144250000.0	144350000.0	0.857527921926
144350000.0	144450000.0	0.597255057628
144400000.0	144500000.0	0.798267465926
144450000.0	144550000.0	0.788057851666
144600000.0	144700000.0	0.772426055409
144900000.0	145000000.0	0.880271309917
144950000.0	145050000.0	0.872273356673
145350000.0	145450000.0	0.898672258962
145450000.0	145550000.0	0.807621920702
145550000.0	145650000.0	0.737068100982
145600000.0	145700000.0	0.812102104825
146000000.0	146100000.0	0.35911875
146050000.0	146150000.0	0.858092706075
146100000.0	146200000.0	0.83929730247
146150000.0	146250000.0	0.612472388253
146300000.0	146400000.0	0.612731144041
146350000.0	146450000.0	0.882186125193
146400000.0	146500000.0	0.791696951642
146500000.0	146600000.0	0.787357162424
146550000.0	146650000.0	0.885737907312
146600000.0	146700000.0	0.877235222882
146850000.0	146950000.0	0.68628917211
146900000.0	147000000.0	0.897922097063
146950000.0	147050000.0	0.808901053116
147100000.0	147200000.0	0.822237452257
147200000.0	147300000.0	0.845993433208
147500000.0	147600000.0	0.873491378545
147600000.0	147700000.0	0.776021656655
147850000.0	147950000.0	0.738102048877
147950000.0	148050000.0	0.853945728237
148050000.0	148150000.0	0.898605236647
148100000.0	148200000.0	0.864125160676
148200000.0	148300000.0	0.632361395966
148300000.0	148400000.0	0.61213710033
148350000.0	148450000.0	0.89126122149
148400000.0	148500000.0	0.676950771596
148450000.0	148550000.0	0.736585839201
148600000.0	148700000.0	0.514241296323
148700000.0	148800000.0	0.886769391725
148850000.0	148950000.0	0.548251836883
148900000.0	149000000.0	0.835225836379
149050000.0	149150000.0	0.883453011749
149100000.0	149200000.0	0.87579650628
149400000.0	149500000.0	0.768065306218
149500000.0	149600000.0	0.843395926858
149600000.0	149700000.0	0.866100888381
149650000.0	149750000.0	0.376901038452
149700000.0	149800000.0	0.04535
149750000.0	149850000.0	0.543227660583
150000000.0	150100000.0	0.708740519807
150250000.0	150350000.0	0.86885025007
150350000.0	150450000.0	0.885355962069
150400000.0	150500000.0	0.89769812423
150450000.0	150550000.0	0.738543083537
150600000.0	150700000.0	0.896418769738
150700000.0	150800000.0	0.892351055579
150750000.0	150850000.0	0.899952198049
150800000.0	150900000.0	0.875317529405
150900000.0	151000000.0	0.840992484157
151000000.0	151100000.0	0.701709383125
151150000.0	151250000.0	0.776380427644
151550000.0	151650000.0	0.897767557797
151600000.0	151700000.0	0.830319248322
151850000.0	151950000.0	0.835558911251
152350000.0	152450000.0	0.883028592999
152400000.0	152500000.0	0.77931729732
152450000.0	152550000.0	0.894590873694
152550000.0	152650000.0	0.863586390233
152750000.0	152850000.0	0.879456278424
153350000.0	153450000.0	0.605506619116
153500000.0	153600000.0	0.864714058558
153700000.0	153800000.0	0.821915636519
153800000.0	153900000.0	0.813772769789
153850000.0	153950000.0	0.884389392393
154150000.0	154250000.0	0.699764777576
154200000.0	154300000.0	0.899900884387
154250000.0	154350000.0	0.864619684104
154300000.0	154400000.0	0.682992121681
154400000.0	154500000.0	0.861333697625
154450000.0	154550000.0	0.76522304173
154500000.0	154600000.0	0.874697713791
154600000.0	154700000.0	0.496201471729
154650000.0	154750000.0	0.872891095658
154750000.0	154850000.0	0.858494315555
154950000.0	155050000.0	0.779236300744
155050000.0	155150000.0	0.869770424846
155300000.0	155400000.0	0.718582982244
155550000.0	155650000.0	0.757161774077
155600000.0	155700000.0	0.86402405601
155650000.0	155750000.0	0.776696703258
155800000.0	155900000.0	0.897621905956
155950000.0	156050000.0	0.87960223393
156150000.0	156250000.0	0.618291835828
156250000.0	156350000.0	0.71103870974
156300000.0	156400000.0	0.882326700178
156650000.0	156750000.0	0.714145422712
156750000.0	156850000.0	0.861673517309
156800000.0	156900000.0	0.870626992115
156850000.0	156950000.0	0.811765130999
156950000.0	157050000.0	0.867127591542
157200000.0	157300000.0	0.719108465307
157400000.0	157500000.0	0.842719106197
157450000.0	157550000.0	0.827062234274
157550000.0	157650000.0	0.89489627591
157600000.0	157700000.0	0.794914965631
157750000.0	157850000.0	0.898977603487
157800000.0	157900000.0	0.735442804645
157900000.0	158000000.0	0.891981421271
158100000.0	158200000.0	0.788879636565
158150000.0	158250000.0	0.711606917253
158200000.0	158300000.0	0.885681114898
158300000.0	158400000.0	0.881266064295
158350000.0	158450000.0	0.856524195855
158400000.0	158500000.0	0.880318669132
158600000.0	158700000.0	0.88215518052
158700000.0	158800000.0	0.882267157875
158800000.0	158900000.0	0.883917481276
158850000.0	158950000.0	0.889060987977
159100000.0	159200000.0	0.866486915059
159150000.0	159250000.0	0.890817709713
159200000.0	159300000.0	0.87814727512
159250000.0	159350000.0	0.899872882893
159300000.0	159400000.0	0.875151633229
159350000.0	159450000.0	0.793937816209
159400000.0	159500000.0	0.888419905556
159600000.0	159700000.0	0.733152003339
159650000.0	159750000.0	0.859022877874
159700000.0	159800000.0	0.867214325096
159850000.0	159950000.0	0.870999230438
159900000.0	160000000.0	0.859875152038
160000000.0	160100000.0	0.734713885962
160300000.0	160400000.0	0.891717582964
160900000.0	161000000.0	0.86323665114
160950000.0	161050000.0	0.870564884401
161050000.0	161150000.0	0.801543915278
161100000.0	161200000.0	0.841119748072
161150000.0	161250000.0	0.895891761688
161350000.0	161450000.0	0.662453672887
161550000.0	161650000.0	0.740834609872
161600000.0	161700000.0	0.753286342151
161650000.0	161750000.0	0.869276487087
161800000.0	161900000.0	0.860708909976
161850000.0	161950000.0	0.899722237997
161900000.0	162000000.0	0.856559376739
162200000.0	162300000.0	0.829934941541
162250000.0	162350000.0	0.510678819739
162300000.0	162400000.0	0.780611055744
162350000.0	162450000.0	0.818446713072
162450000.0	162550000.0	0.849765680944
162500000.0	162600000.0	0.876755926119
162600000.0	162700000.0	0.549835118068
162650000.0	162750000.0	0.845808943685
162700000.0	162800000.0	0.781897637954
162850000.0	162950000.0	0.66146866664
162900000.0	163000000.0	0.875451647214
163000000.0	163100000.0	0.85048672953
163050000.0	163150000.0	0.87486103766
163100000.0	163200000.0	0.82038284713
163150000.0	163250000.0	0.864629160011
163300000.0	163400000.0	0.87344024459
163350000.0	163450000.0	0.628017879525
163400000.0	163500000.0	0.860524085806
163550000.0	163650000.0	0.749573011115
163650000.0	163750000.0	0.849271417573
163700000.0	163800000.0	0.872579075109
163900000.0	164000000.0	0.896355034447
164200000.0	164300000.0	0.831590854028
164250000.0	164350000.0	0.766809922094
164450000.0	164550000.0	0.568634189932
164500000.0	164600000.0	0.825029234096
164600000.0	164700000.0	0.544120815227
164750000.0	164850000.0	0.856321811877
164850000.0	164950000.0	0.73918569781
165100000.0	165200000.0	0.740580170385
165350000.0	165450000.0	0.810504677524
165400000.0	165500000.0	0.886105661766
165500000.0	165600000.0	0.84654373466
165600000.0	165700000.0	0.816952271972
165750000.0	165850000.0	0.664301750878
165800000.0	165900000.0	0.804047685635
166050000.0	166150000.0	0.748979265745
166100000.0	166200000.0	0.856427561908
166150000.0	166250000.0	0.891258293586
166250000.0	166350000.0	0.752921950619
166300000.0	166400000.0	0.50419546369
166350000.0	166450000.0	0.788713528363
166500000.0	166600000.0	0.807351716407
166550000.0	166650000.0	0.749594348048
166600000.0	166700000.0	0.774793909396
166650000.0	166750000.0	0.870534663189
166700000.0	166800000.0	0.82154081109
166750000.0	166850000.0	0.85660899201
166850000.0	166950000.0	0.732876322077
167100000.0	167200000.0	0.645640777173
167450000.0	167550000.0	0.862809498592
167500000.0	167600000.0	0.897569723391
167550000.0	167650000.0	0.840604635571
167650000.0	167750000.0	0.871246675193
167700000.0	167800000.0	0.892806525041
167750000.0	167850000.0	0.762428413769
167800000.0	167900000.0	0.55502059765
167850000.0	167950000.0	0.87440633502
167900000.0	168000000.0	0.793607732707
168100000.0	168200000.0	0.817235575372
168200000.0	168300000.0	0.895086238094
168250000.0	168350000.0	0.871153109574
168550000.0	168650000.0	0.887781987615
168600000.0	168700000.0	0.627193477896
168650000.0	168750000.0	0.862989963413
169000000.0	169100000.0	0.899845021887
169250000.0	169350000.0	0.848772608164
169550000.0	169650000.0	0.888274779533
169800000.0	169900000.0	0.674586204324
169850000.0	169950000.0	0.886833706504
170050000.0	170150000.0	0.834541854042
170100000.0	170200000.0	0.805790957032
170150000.0	170250000.0	0.879264708122
170750000.0	170850000.0	0.899490478307
170800000.0	170900000.0	0.857355056302
170900000.0	171000000.0	0.86494601948
171050000.0	171150000.0	0.846470505133
171100000.0	171200000.0	0.821503626563
171150000.0	171250000.0	0.887321449978
171450000.0	171550000.0	0.872901165375
171750000.0	171850000.0	0.892274062235
171800000.0	171900000.0	0.828700163479
172200000.0	172300000.0	0.888741283276
172650000.0	172750000.0	0.88283576016
172950000.0	173050000.0	0.792933735446
173000000.0	173100000.0	0.866652271635
173100000.0	173200000.0	0.8907775244
173150000.0	173250000.0	0.743426873437
173300000.0	173400000.0	0.879877663817
173350000.0	173450000.0	0.811048835782
173600000.0	173700000.0	0.879722521956
173700000.0	173800000.0	0.826318534064
173800000.0	173900000.0	0.862018296485
174050000.0	174150000.0	0.839918053917
174250000.0	174350000.0	0.862992676384
174300000.0	174400000.0	0.799249095246
174350000.0	174450000.0	0.881564730731
174550000.0	174650000.0	0.882430832121
174900000.0	175000000.0	0.894790224475
175050000.0	175150000.0	0.817552669008
175100000.0	175200000.0	0.842018887967
176300000.0	176400000.0	0.897349838098
176400000.0	176500000.0	0.875357752481
176500000.0	176600000.0	0.798701288029
176550000.0	176650000.0	0.759994566086
176600000.0	176700000.0	0.891075586347
176700000.0	176800000.0	0.888978365424
176750000.0	176850000.0	0.894023230331
176950000.0	177050000.0	0.407627498858
177000000.0	177100000.0	0.885896833619
177100000.0	177200000.0	0.836176592359
177200000.0	177300000.0	0.85269114196
177300000.0	177400000.0	0.575999686512
177450000.0	177550000.0	0.795550539667
177550000.0	177650000.0	0.884377496372
177650000.0	177750000.0	0.831930963613
177700000.0	177800000.0	0.806536939863
177750000.0	177850000.0	0.888875549114
177800000.0	177900000.0	0.861839748629
178000000.0	178100000.0	0.888196996331
178400000.0	178500000.0	0.831831962012
178750000.0	178850000.0	0.726489679778
178800000.0	178900000.0	0.829133710973
179200000.0	179300000.0	0.809042742894
179300000.0	179400000.0	0.873364435756
179500000.0	179600000.0	0.793049050894
179650000.0	179750000.0	0.659154105591
179700000.0	179800000.0	0.817969363503
179750000.0	179850000.0	0.782193749888
179850000.0	179950000.0	0.898331319902
179900000.0	180000000.0	0.834518808342
180000000.0	180100000.0	0.817578572093
180200000.0	180300000.0	0.876214564628
180300000.0	180400000.0	0.824375470073
180350000.0	180450000.0	0.804630531796
180500000.0	180600000.0	0.880700576486
180550000.0	180650000.0	0.860115979072
180800000.0	180900000.0	0.890284874077
180850000.0	180950000.0	0.896083983667
180900000.0	181000000.0	0.899988457752
180950000.0	181050000.0	0.864057555994
181150000.0	181250000.0	0.865029740462
181300000.0	181400000.0	0.792591430948
181600000.0	181700000.0	0.82501376063
181750000.0	181850000.0	0.747056341547
181800000.0	181900000.0	0.777468005592
181850000.0	181950000.0	0.827926139341
181900000.0	182000000.0	0.760498303412
182000000.0	182100000.0	0.883060090215
182050000.0	182150000.0	0.824722921479
182250000.0	182350000.0	0.883747568135
182300000.0	182400000.0	0.834328563538
182400000.0	182500000.0	0.828499179146
182500000.0	182600000.0	0.825862629206
182650000.0	182750000.0	0.854173283425
182800000.0	182900000.0	0.803637668118
182850000.0	182950000.0	0.892057799093
182950000.0	183050000.0	0.897208150105
183000000.0	183100000.0	0.835644004875
183150000.0	183250000.0	0.891040650085
183300000.0	183400000.0	0.884051505374
183350000.0	183450000.0	0.892161409839
183700000.0	183800000.0	0.879193075204
183800000.0	183900000.0	0.881275902769
183900000.0	184000000.0	0.896556743726
184200000.0	184300000.0	0.807468723094
184350000.0	184450000.0	0.885341251701
184400000.0	184500000.0	0.848202955057
184550000.0	184650000.0	0.766711557276
184600000.0	184700000.0	0.884522584426
184650000.0	184750000.0	0.879309811058
184700000.0	184800000.0	0.827532235137
184800000.0	184900000.0	0.899630302403
184850000.0	184950000.0	0.86715949519
184900000.0	185000000.0	0.793683348763
185000000.0	185100000.0	0.83577759943
185150000.0	185250000.0	0.0
185200000.0	185300000.0	0.393320810687
185250000.0	185350000.0	0.893000167445
185300000.0	185400000.0	0.720621788397
185350000.0	185450000.0	0.879558478619
185550000.0	185650000.0	0.897568281918
185800000.0	185900000.0	0.87560278947
185850000.0	185950000.0	0.758448650054
186100000.0	186200000.0	0.769697871965
186200000.0	186300000.0	0.894806176712
186300000.0	186400000.0	0.839819431828
186400000.0	186500000.0	0.818353874795
186600000.0	186700000.0	0.68322034721
186650000.0	186750000.0	0.370681725862
186700000.0	186800000.0	0.864798916238
186750000.0	186850000.0	0.8534008001
186900000.0	187000000.0	0.865255889341
187000000.0	187100000.0	0.861995379286
187150000.0	187250000.0	0.893553098538
187200000.0	187300000.0	0.844611247265
187350000.0	187450000.0	0.898079606776
187600000.0	187700000.0	0.893193968159
187750000.0	187850000.0	0.855718154999
188200000.0	188300000.0	0.832573291569
188250000.0	188350000.0	0.733783026128
188300000.0	188400000.0	0.562127902234
188350000.0	188450000.0	0.858539331663
188450000.0	188550000.0	0.817799859212
188550000.0	188650000.0	0.85515888604
188650000.0	188750000.0	0.875647154616
188700000.0	188800000.0	0.846726931052
188800000.0	188900000.0	0.897315755618
188950000.0	189050000.0	0.776338287353
189050000.0	189150000.0	0.751947033922
189200000.0	189300000.0	0.882307614904
189350000.0	189450000.0	0.634973893978
189400000.0	189500000.0	0.870327488325
189500000.0	189600000.0	0.814952910468
189550000.0	189650000.0	0.848399877487
189800000.0	189900000.0	0.878783688539
189850000.0	189950000.0	0.589830003525
189950000.0	190050000.0	0.886334359372
190250000.0	190350000.0	0.857468151893
190950000.0	191050000.0	0.897683239463
191050000.0	191150000.0	0.777692128589
191200000.0	191300000.0	0.881340244259
191450000.0	191550000.0	0.894215209714
191500000.0	191600000.0	0.871163846203
191900000.0	192000000.0	0.891297065038
192200000.0	192300000.0	0.889495912429
192250000.0	192350000.0	0.857593129357
192550000.0	192650000.0	0.828759932363
192600000.0	192700000.0	0.864665948611
192700000.0	192800000.0	0.668063683032
192750000.0	192850000.0	0.849230650013
192800000.0	192900000.0	0.811595422877
192900000.0	193000000.0	0.862669538605
192950000.0	193050000.0	0.700849435997
193050000.0	193150000.0	0.694328622479
193150000.0	193250000.0	0.762213301441
193200000.0	193300000.0	0.705760036132
193300000.0	193400000.0	0.854100817909
193500000.0	193600000.0	0.852989183604
193650000.0	193750000.0	0.723765647965
193850000.0	193950000.0	0.874889014915
194000000.0	194100000.0	0.856458975164
194050000.0	194150000.0	0.80360886164
194200000.0	194300000.0	0.873328881884
194250000.0	194350000.0	0.818445878971
194350000.0	194450000.0	0.822402906686
194500000.0	194600000.0	0.804674519861
194550000.0	194650000.0	0.745550007903
194600000.0	194700000.0	0.855914767668
194650000.0	194750000.0	0.8468508032
194750000.0	194850000.0	0.793828624075
194800000.0	194900000.0	0.764893121525
194850000.0	194950000.0	0.866213419481
194900000.0	195000000.0	0.875459622528
194950000.0	195050000.0	0.883830094123
195150000.0	195250000.0	0.898162209978
195250000.0	195350000.0	0.832494154153
195300000.0	195400000.0	0.896826550689
195350000.0	195450000.0	0.816915563324
195400000.0	195500000.0	0.891911725009
195850000.0	195950000.0	0.462040878104
195900000.0	196000000.0	0.622812172978
196000000.0	196100000.0	0.666225899681
196050000.0	196150000.0	0.860779935594
196250000.0	196350000.0	0.693242286912
196300000.0	196400000.0	0.808380963744
196350000.0	196450000.0	0.84888339412
196400000.0	196500000.0	0.877737839293
196750000.0	196850000.0	0.879006782072
196850000.0	196950000.0	0.899060974857
197350000.0	197450000.0	0.749610583611
197450000.0	197550000.0	0.897754625918
197650000.0	197750000.0	0.885807943321
197700000.0	197800000.0	0.863942936764
197850000.0	197950000.0	0.808178584674
198450000.0	198550000.0	0.898932152835
198500000.0	198600000.0	0.816525407563
198550000.0	198650000.0	0.821521195638
198600000.0	198700000.0	0.894973148963
198750000.0	198850000.0	0.889882050243
199050000.0	199150000.0	0.859037609396
199100000.0	199200000.0	0.725571100119
199250000.0	199350000.0	0.83049030966
199300000.0	199400000.0	0.836828278028
199350000.0	199450000.0	0.711656523723
199500000.0	199600000.0	0.847948352437
199600000.0	199700000.0	0.765730377261
199700000.0	199800000.0	0.860469282564
199850000.0	199950000.0	0.73317815341
200000000.0	200100000.0	0.823352517414
200150000.0	200250000.0	0.399390461077
200200000.0	200300000.0	0.898156784095
200450000.0	200550000.0	0.85617384118
200600000.0	200700000.0	0.731041839053
200700000.0	200800000.0	0.795994899444
200850000.0	200950000.0	0.672974725135
200900000.0	201000000.0	0.863021709052
200950000.0	201050000.0	0.848355811946
201050000.0	201150000.0	0.813388442067
201300000.0	201400000.0	0.803713395133
201350000.0	201450000.0	0.835798595791
201400000.0	201500000.0	0.890295982309
201450000.0	201550000.0	0.77123417195
201550000.0	201650000.0	0.871802622785
201850000.0	201950000.0	0.863358338767
202100000.0	202200000.0	0.858513799116
202400000.0	202500000.0	0.868094769292
202550000.0	202650000.0	0.714229745367
202900000.0	203000000.0	0.83620430147
203350000.0	203450000.0	0.874774540412
203550000.0	203650000.0	0.856239374331
204300000.0	204400000.0	0.757847087486
204700000.0	204800000.0	0.896964129396
204750000.0	204850000.0	0.895608584258
205000000.0	205100000.0	0.847641890834
205050000.0	205150000.0	0.880209819724
205300000.0	205400000.0	0.877940580667
205450000.0	205550000.0	0.881708065344
205550000.0	205650000.0	0.763203798222
205600000.0	205700000.0	0.840935765246
205700000.0	205800000.0	0.695357576309
205750000.0	205850000.0	0.823235823013
206000000.0	206100000.0	0.869781188601
206050000.0	206150000.0	0.797272054189
206200000.0	206300000.0	0.887875968621
206300000.0	206400000.0	0.854152931871
206400000.0	206500000.0	0.825571832914
206450000.0	206550000.0	0.84274643724
206500000.0	206600000.0	0.7112578611
206750000.0	206850000.0	0.895359025238
207200000.0	207300000.0	0.880385986642
207250000.0	207350000.0	0.838379023758
207350000.0	207450000.0	0.864684333886
207450000.0	207550000.0	0.858028791287
207500000.0	207600000.0	0.885113457589
207600000.0	207700000.0	0.89457011127
207650000.0	207750000.0	0.876542249756
207700000.0	207800000.0	0.824000274351
207750000.0	207850000.0	0.875820049914
207800000.0	207900000.0	0.770370921979
207850000.0	207950000.0	0.812084385591
208100000.0	208200000.0	0.716701039279
208150000.0	208250000.0	0.886519320612
208200000.0	208300000.0	0.894477808469
208250000.0	208350000.0	0.882477306782
209200000.0	209300000.0	0.895307494541
209300000.0	209400000.0	0.868891508757
209350000.0	209450000.0	0.892866787559
209550000.0	209650000.0	0.883001653176
209600000.0	209700000.0	0.633848262508
209650000.0	209750000.0	0.822942318712
209800000.0	209900000.0	0.880127284743
209850000.0	209950000.0	0.891524018272
209950000.0	210050000.0	0.849246393777
210100000.0	210200000.0	0.824096009276
210200000.0	210300000.0	0.874778174079
210300000.0	210400000.0	0.862000035541
210450000.0	210550000.0	0.887364538911
210500000.0	210600000.0	0.868647907415
210550000.0	210650000.0	0.815577204951
210600000.0	210700000.0	0.854584177617
210850000.0	210950000.0	0.843811718428
210900000.0	211000000.0	0.795326893707
210950000.0	211050000.0	0.8160699815
211000000.0	211100000.0	0.836822050871
211150000.0	211250000.0	0.879877522847
211450000.0	211550000.0	0.84042765333
211550000.0	211650000.0	0.781766529902
211600000.0	211700000.0	0.852208705835
211700000.0	211800000.0	0.638822654895
211750000.0	211850000.0	0.881746697114
211800000.0	211900000.0	0.859112372359
211950000.0	212050000.0	0.750397669105
212050000.0	212150000.0	0.828177210881
212150000.0	212250000.0	0.86296051179
212300000.0	212400000.0	0.824155645926
212400000.0	212500000.0	0.800366909864
212650000.0	212750000.0	0.808136443912
212700000.0	212800000.0	0.724494002992
212850000.0	212950000.0	0.844007715749
213000000.0	213100000.0	0.857578218805
213150000.0	213250000.0	0.459683065604
213250000.0	213350000.0	0.892320828257
213350000.0	213450000.0	0.866540806262
213400000.0	213500000.0	0.842563283815
213500000.0	213600000.0	0.730635590707
213600000.0	213700000.0	0.870933749301
214200000.0	214300000.0	0.833001445099
214350000.0	214450000.0	0.851026134695
214750000.0	214850000.0	0.892355937894
214800000.0	214900000.0	0.723377269207
214950000.0	215050000.0	0.719199347313
215100000.0	215200000.0	0.809133623278
215350000.0	215450000.0	0.85599684735
215400000.0	215500000.0	0.821257829388
215450000.0	215550000.0	0.898296757037
215600000.0	215700000.0	0.886109348362
215650000.0	215750000.0	0.787583849835
216000000.0	216100000.0	0.822156647945
216050000.0	216150000.0	0.885031133826
216500000.0	216600000.0	0.870370071986
216600000.0	216700000.0	0.724377081393
216650000.0	216750000.0	0.87085443525
217100000.0	217200000.0	0.899295899885
217450000.0	217550000.0	0.897724980048
217550000.0	217650000.0	0.802615819147
217700000.0	217800000.0	0.50009774156
217800000.0	217900000.0	0.878969160079
217850000.0	217950000.0	0.805385326105
218050000.0	218150000.0	0.801605478168
218150000.0	218250000.0	0.857911679356
218350000.0	218450000.0	0.878718481762
218500000.0	218600000.0	0.571747845896
218600000.0	218700000.0	0.844590420542
218700000.0	218800000.0	0.830745163099
218800000.0	218900000.0	0.727219858741
218950000.0	219050000.0	0.894255197154
219600000.0	219700000.0	0.888154410021
219800000.0	219900000.0	0.89085529524
220150000.0	220250000.0	0.854096137449
220300000.0	220400000.0	0.803843192309
220350000.0	220450000.0	0.65952025252
220600000.0	220700000.0	0.795797256348
220750000.0	220850000.0	0.875816207285
220850000.0	220950000.0	0.676167045982
221100000.0	221200000.0	0.833882856584
221200000.0	221300000.0	0.718686471515
221450000.0	221550000.0	0.793519287294
221550000.0	221650000.0	0.87293082359
221600000.0	221700000.0	0.899883364619
221750000.0	221850000.0	0.80500157607
221800000.0	221900000.0	0.879658855285
221900000.0	222000000.0	0.889157148552
222250000.0	222350000.0	0.843331997791
222300000.0	222400000.0	0.898131276627
222550000.0	222650000.0	0.773904441536
222650000.0	222750000.0	0.878939276522
222700000.0	222800000.0	0.880940517128
223000000.0	223100000.0	0.805403119881
223100000.0	223200000.0	0.890364125428
223150000.0	223250000.0	0.61423590029
223750000.0	223850000.0	0.870879148741
223800000.0	223900000.0	0.791456593172
224400000.0	224500000.0	0.773648821291
224850000.0	224950000.0	0.876712321825
224900000.0	225000000.0	0.899778594419
225050000.0	225150000.0	0.829980179719
225150000.0	225250000.0	0.854095506705
225400000.0	225500000.0	0.815153114522
225750000.0	225850000.0	0.856049399338
225850000.0	225950000.0	0.835399883089
225900000.0	226000000.0	0.872722189735
226050000.0	226150000.0	0.88032055622
226100000.0	226200000.0	0.86793922095
226200000.0	226300000.0	0.8295030065
226300000.0	226400000.0	0.709198904975
226450000.0	226550000.0	0.862147624626
226500000.0	226600000.0	0.893780805613
226550000.0	226650000.0	0.689051329257
226650000.0	226750000.0	0.896488042481
226750000.0	226850000.0	0.858105221289
226900000.0	227000000.0	0.880806833974
226950000.0	227050000.0	0.769656260092
227050000.0	227150000.0	0.666877927073
227200000.0	227300000.0	0.854499943742
227250000.0	227350000.0	0.89010325031
227400000.0	227500000.0	0.899956001305
227500000.0	227600000.0	0.864475045494
227750000.0	227850000.0	0.610888368608
227950000.0	228050000.0	0.883861537997
228050000.0	228150000.0	0.881004706175
228850000.0	228950000.0	0.879206287537
229000000.0	229100000.0	0.74182218825
229050000.0	229150000.0	0.88857891243
229200000.0	229300000.0	0.847350256174
229400000.0	229500000.0	0.771015813757
229550000.0	229650000.0	0.897755131349
229600000.0	229700000.0	0.845032520458
229650000.0	229750000.0	0.660044356379
229700000.0	229800000.0	0.892524443565
229800000.0	229900000.0	0.883783769317
229900000.0	230000000.0	0.897978079327
229950000.0	230050000.0	0.802876853331
230350000.0	230450000.0	0.855526586459
230450000.0	230550000.0	0.890944270059
230550000.0	230650000.0	0.886573035184
230900000.0	231000000.0	0.839294200379
231000000.0	231100000.0	0.84472874696
231800000.0	231900000.0	0.890110649532
232600000.0	232700000.0	0.851621996585
232650000.0	232750000.0	0.775971284383
232700000.0	232800000.0	0.889505921296
232800000.0	232900000.0	0.894788822056
232850000.0	232950000.0	0.801066329176
232950000.0	233050000.0	0.875261336409
233000000.0	233100000.0	0.760662724583
233100000.0	233200000.0	0.761706680659
233150000.0	233250000.0	0.861425566195
233350000.0	233450000.0	0.885407717069
233400000.0	233500000.0	0.890026522412
233650000.0	233750000.0	0.811086775008
233750000.0	233850000.0	0.899300524962
233950000.0	234050000.0	0.524116059565
234000000.0	234100000.0	0.420930743294
234050000.0	234150000.0	0.899441269086
234400000.0	234500000.0	0.730913069214
234450000.0	234550000.0	0.749517600481
234550000.0	234650000.0	0.891273563732
235000000.0	235100000.0	0.830518364378
235400000.0	235500000.0	0.880221065754
235700000.0	235800000.0	0.823212965705
235750000.0	235850000.0	0.821237693401
235850000.0	235950000.0	0.797606547067
236000000.0	236100000.0	0.886946801487
236150000.0	236250000.0	0.895484977911
236250000.0	236350000.0	0.899174505246
236400000.0	236500000.0	0.860674446363
236600000.0	236700000.0	0.898754509551
237200000.0	237300000.0	0.849218955553
237250000.0	237350000.0	0.825644176184
237300000.0	237400000.0	0.845518000722
237450000.0	237550000.0	0.796947407144
237500000.0	237600000.0	0.814015192411
237600000.0	237700000.0	0.83303933503
237900000.0	238000000.0	0.824404948938
237950000.0	238050000.0	0.754707848168
238050000.0	238150000.0	0.861361717586
238200000.0	238300000.0	0.887000314219
238300000.0	238400000.0	0.802475533241
238350000.0	238450000.0	0.841921399242
238400000.0	238500000.0	0.854645811963
238500000.0	238600000.0	0.828834009901
238750000.0	238850000.0	0.880110209587
239000000.0	239100000.0	0.809703307222
239250000.0	239350000.0	0.899827069297
239550000.0	239650000.0	0.868164766104
239600000.0	239700000.0	0.82878595039
239650000.0	239750000.0	0.807459165306
239750000.0	239850000.0	0.672911046083
239800000.0	239900000.0	0.686374190426
239950000.0	240050000.0	0.88783009457
240700000.0	240800000.0	0.638919461845
240750000.0	240850000.0	0.709987518171
240800000.0	240900000.0	0.889500065594
240850000.0	240950000.0	0.833266597432
240900000.0	241000000.0	0.840645334455
241000000.0	241100000.0	0.870973308462
241100000.0	241200000.0	0.785959787164
241300000.0	241400000.0	0.799850126911
241400000.0	241500000.0	0.830443321169
241450000.0	241550000.0	0.891529571578
241550000.0	241650000.0	0.884053114297
241600000.0	241700000.0	0.890855050287
241650000.0	241750000.0	0.84175308327
241700000.0	241800000.0	0.827500976872
241750000.0	241850000.0	0.7837302482
242050000.0	242150000.0	0.891073880681
242600000.0	242700000.0	0.896545519021
242700000.0	242800000.0	0.895623059977
242800000.0	242900000.0	0.813437132879
242850000.0	242950000.0	0.883337329075
242950000.0	243050000.0	0.855086011155
243000000.0	243100000.0	0.484436373349
243050000.0	243150000.0	0.1257155061
