start	end	avg.score
0.0	100000.0	0.359104930783
50000.0	150000.0	0.859114930783
100000.0	200000.0	0.643446707154
150000.0	250000.0	0.87246183105
200000.0	300000.0	0.857649476355
350000.0	450000.0	0.70153205879
450000.0	550000.0	0.664549511963
550000.0	650000.0	0.870989387183
600000.0	700000.0	0.817955133152
750000.0	850000.0	0.873123473937
800000.0	900000.0	0.898282802334
900000.0	1000000.0	0.792626730216
1050000.0	1150000.0	0.895138595227
1150000.0	1250000.0	0.60994959524
1200000.0	1300000.0	0.777964966246
1300000.0	1400000.0	0.895529117623
1400000.0	1500000.0	0.651719843954
1600000.0	1700000.0	0.880215460623
1650000.0	1750000.0	0.735268180862
2000000.0	2100000.0	0.897872840427
2150000.0	2250000.0	0.84712348657
2300000.0	2400000.0	0.864875014624
2400000.0	2500000.0	0.88661005326
2550000.0	2650000.0	0.778545303748
2600000.0	2700000.0	0.800048978258
2650000.0	2750000.0	0.883223786519
2750000.0	2850000.0	0.785421224127
3350000.0	3450000.0	0.892630100904
3400000.0	3500000.0	0.728989872155
3650000.0	3750000.0	0.7532904078
3750000.0	3850000.0	0.848818315899
3850000.0	3950000.0	0.732007864474
3900000.0	4000000.0	0.82647962611
3950000.0	4050000.0	0.869069725648
4000000.0	4100000.0	0.843155710529
4100000.0	4200000.0	0.828062983546
4200000.0	4300000.0	0.899871615404
4250000.0	4350000.0	0.889392281958
4350000.0	4450000.0	0.868224471437
4700000.0	4800000.0	0.681593997497
4800000.0	4900000.0	0.736683546216
4850000.0	4950000.0	0.776996633938
4950000.0	5050000.0	0.888083846044
5250000.0	5350000.0	0.783215940267
5400000.0	5500000.0	0.873161487589
5500000.0	5600000.0	0.72413581472
5600000.0	5700000.0	0.760132976144
5800000.0	5900000.0	0.807106512263
5900000.0	6000000.0	0.612850035063
6100000.0	6200000.0	0.893431376915
6150000.0	6250000.0	0.790158986938
6300000.0	6400000.0	0.794152703185
6350000.0	6450000.0	0.806728198756
6500000.0	6600000.0	0.861975566718
6550000.0	6650000.0	0.897547907151
6650000.0	6750000.0	0.737353480617
6700000.0	6800000.0	0.816476212234
6750000.0	6850000.0	0.845304202903
6850000.0	6950000.0	0.898501759814
6900000.0	7000000.0	0.782321440864
7000000.0	7100000.0	0.873141693069
7300000.0	7400000.0	0.862201472045
7850000.0	7950000.0	0.641473980585
7950000.0	8050000.0	0.847360091086
8000000.0	8100000.0	0.761017327366
8350000.0	8450000.0	0.870995927963
8400000.0	8500000.0	0.808502196538
8500000.0	8600000.0	0.798076552229
8550000.0	8650000.0	0.683310860807
8600000.0	8700000.0	0.576994662844
8650000.0	8750000.0	0.863646395744
8700000.0	8800000.0	0.863997100628
8750000.0	8850000.0	0.867504945894
8800000.0	8900000.0	0.821480878867
8900000.0	9000000.0	0.855082710561
9000000.0	9100000.0	0.547773990962
9050000.0	9150000.0	0.859326718139
9850000.0	9950000.0	0.874461384269
10400000.0	10500000.0	0.16903066669
10450000.0	10550000.0	0.665147512211
10550000.0	10650000.0	0.678788644003
10650000.0	10750000.0	0.741186024707
10800000.0	10900000.0	0.803459757995
11000000.0	11100000.0	0.859152573664
11500000.0	11600000.0	0.892593888067
11600000.0	11700000.0	0.842524989116
11650000.0	11750000.0	0.801907720572
11850000.0	11950000.0	0.894151004966
12000000.0	12100000.0	0.877005571928
12050000.0	12150000.0	0.859038755577
12100000.0	12200000.0	0.886473249041
12150000.0	12250000.0	0.833232598007
12400000.0	12500000.0	0.832445640093
13000000.0	13100000.0	0.862660447642
13100000.0	13200000.0	0.682070134578
13200000.0	13300000.0	0.879715702359
13300000.0	13400000.0	0.898706346142
13750000.0	13850000.0	0.767824241536
13800000.0	13900000.0	0.543237668327
13850000.0	13950000.0	0.514643725712
13900000.0	14000000.0	0.69206238779
13950000.0	14050000.0	0.853595564295
14200000.0	14300000.0	0.766027042118
14300000.0	14400000.0	0.851812985097
14350000.0	14450000.0	0.515339325219
14550000.0	14650000.0	0.792420144119
14600000.0	14700000.0	0.857451564135
14800000.0	14900000.0	0.897136616555
15100000.0	15200000.0	0.83838189061
15150000.0	15250000.0	0.75588664296
15200000.0	15300000.0	0.888173070804
15450000.0	15550000.0	0.878387228535
15650000.0	15750000.0	0.895368704004
16300000.0	16400000.0	0.897387308433
16550000.0	16650000.0	0.739299823768
16700000.0	16800000.0	0.838638896967
16950000.0	17050000.0	0.751543481219
17050000.0	17150000.0	0.814862364856
17150000.0	17250000.0	0.898676363057
17200000.0	17300000.0	0.833227656849
17350000.0	17450000.0	0.870074926385
17400000.0	17500000.0	0.821070169832
17500000.0	17600000.0	0.838273731068
17550000.0	17650000.0	0.809705445744
17650000.0	17750000.0	0.868974796818
17700000.0	17800000.0	0.830403843308
17950000.0	18050000.0	0.845909755431
18000000.0	18100000.0	0.888378765112
18100000.0	18200000.0	0.82018559479
18250000.0	18350000.0	0.887693065932
18350000.0	18450000.0	0.865591696077
18400000.0	18500000.0	0.728201736022
18450000.0	18550000.0	0.58750581783
18500000.0	18600000.0	0.867303500905
18550000.0	18650000.0	0.88305702961
18600000.0	18700000.0	0.831831544993
18800000.0	18900000.0	0.695042738313
18850000.0	18950000.0	0.807133859602
18900000.0	19000000.0	0.781145766682
18950000.0	19050000.0	0.827213923338
19000000.0	19100000.0	0.892450824862
19100000.0	19200000.0	0.834505320425
19150000.0	19250000.0	0.876725050258
19250000.0	19350000.0	0.835964577325
19300000.0	19400000.0	0.653397239489
19400000.0	19500000.0	0.827582453211
19450000.0	19550000.0	0.844215117692
19550000.0	19650000.0	0.89367736571
19600000.0	19700000.0	0.64712416871
19650000.0	19750000.0	0.845990789056
19750000.0	19850000.0	0.813562821414
19800000.0	19900000.0	0.821386284752
19850000.0	19950000.0	0.876753967698
20150000.0	20250000.0	0.829665633997
20450000.0	20550000.0	0.800881958688
20800000.0	20900000.0	0.801911492901
20850000.0	20950000.0	0.881355618142
20950000.0	21050000.0	0.835853742999
21100000.0	21200000.0	0.889623732943
21200000.0	21300000.0	0.679765557321
21250000.0	21350000.0	0.859607585325
21300000.0	21400000.0	0.848625312059
21400000.0	21500000.0	0.880968487753
21650000.0	21750000.0	0.774203765434
21700000.0	21800000.0	0.741793282898
21900000.0	22000000.0	0.859248513493
21950000.0	22050000.0	0.809782691359
22000000.0	22100000.0	0.815780281386
22100000.0	22200000.0	0.861109559709
22200000.0	22300000.0	0.84193122592
22400000.0	22500000.0	0.868036988377
22500000.0	22600000.0	0.885291912364
22550000.0	22650000.0	0.85805925734
22700000.0	22800000.0	0.852417639653
22750000.0	22850000.0	0.865726127467
22800000.0	22900000.0	0.826201594096
22850000.0	22950000.0	0.778543448816
22950000.0	23050000.0	0.802905150662
23000000.0	23100000.0	0.810731977092
23050000.0	23150000.0	0.895396111531
23250000.0	23350000.0	0.798508392682
23300000.0	23400000.0	0.877524779025
23400000.0	23500000.0	0.856966969792
24050000.0	24150000.0	0.833562490839
24100000.0	24200000.0	0.898469901868
24200000.0	24300000.0	0.730687022155
24300000.0	24400000.0	0.73567525097
24350000.0	24450000.0	0.809272827134
24400000.0	24500000.0	0.822181265143
24600000.0	24700000.0	0.88860477122
24650000.0	24750000.0	0.740610902598
24750000.0	24850000.0	0.85774512124
24800000.0	24900000.0	0.801067670887
24900000.0	25000000.0	0.78979173179
25050000.0	25150000.0	0.595520763126
25100000.0	25200000.0	0.856255642898
25200000.0	25300000.0	0.785160916122
25300000.0	25400000.0	0.792265758201
25350000.0	25450000.0	0.780186808628
25600000.0	25700000.0	0.782232724456
25950000.0	26050000.0	0.752581585944
26000000.0	26100000.0	0.601580497571
26100000.0	26200000.0	0.770508975667
26150000.0	26250000.0	0.808434591089
26250000.0	26350000.0	0.806518474382
26300000.0	26400000.0	0.757881468579
26350000.0	26450000.0	0.84951670845
26400000.0	26500000.0	0.85393619797
26500000.0	26600000.0	0.864161588641
26600000.0	26700000.0	0.886595843473
26650000.0	26750000.0	0.706490287905
26700000.0	26800000.0	0.818568239224
26750000.0	26850000.0	0.69329202592
26900000.0	27000000.0	0.71921099322
26950000.0	27050000.0	0.815652339763
27100000.0	27200000.0	0.875674368644
27750000.0	27850000.0	0.690907348833
27850000.0	27950000.0	0.877739117429
28050000.0	28150000.0	0.79005698209
28400000.0	28500000.0	0.85498706654
28450000.0	28550000.0	0.866846665081
28600000.0	28700000.0	0.882277938403
28650000.0	28750000.0	0.853120545144
28700000.0	28800000.0	0.689088844653
28850000.0	28950000.0	0.770723531866
29250000.0	29350000.0	0.886142319729
29300000.0	29400000.0	0.811631286901
29350000.0	29450000.0	0.587530098666
29450000.0	29550000.0	0.870205660844
29750000.0	29850000.0	0.845867839099
29800000.0	29900000.0	0.760876691452
29950000.0	30050000.0	0.815214411126
30000000.0	30100000.0	0.829243451835
30150000.0	30250000.0	0.860593261333
30200000.0	30300000.0	0.551000231048
30300000.0	30400000.0	0.858257336848
30350000.0	30450000.0	0.817119673101
30400000.0	30500000.0	0.859155786754
30500000.0	30600000.0	0.775361815207
30550000.0	30650000.0	0.876802315432
30650000.0	30750000.0	0.898184132128
30700000.0	30800000.0	0.893943672668
30850000.0	30950000.0	0.874207406736
30900000.0	31000000.0	0.651787964392
31050000.0	31150000.0	0.834573186695
31350000.0	31450000.0	0.797789847006
31600000.0	31700000.0	0.61024339692
31750000.0	31850000.0	0.897734746769
31900000.0	32000000.0	0.875060305984
32650000.0	32750000.0	0.890238399383
33650000.0	33750000.0	0.650425750135
33700000.0	33800000.0	0.814994258681
33950000.0	34050000.0	0.70902095922
34050000.0	34150000.0	0.894240745163
34100000.0	34200000.0	0.895030767412
34350000.0	34450000.0	0.867647035845
34400000.0	34500000.0	0.790034025408
34450000.0	34550000.0	0.842488167444
34700000.0	34800000.0	0.859641130303
34850000.0	34950000.0	0.523848792886
34900000.0	35000000.0	0.893405394109
35000000.0	35100000.0	0.803881032127
35100000.0	35200000.0	0.842482856104
35200000.0	35300000.0	0.865697382917
35250000.0	35350000.0	0.774789039671
35450000.0	35550000.0	0.869424460971
35500000.0	35600000.0	0.861126628115
35750000.0	35850000.0	0.80215139392
35800000.0	35900000.0	0.822768587897
35850000.0	35950000.0	0.832310797458
36000000.0	36100000.0	0.802795831874
36050000.0	36150000.0	0.749856136836
36100000.0	36200000.0	0.851264845248
36150000.0	36250000.0	0.846832163033
36200000.0	36300000.0	0.885275546734
36250000.0	36350000.0	0.792196578307
36350000.0	36450000.0	0.836804103057
36600000.0	36700000.0	0.865938232592
36750000.0	36850000.0	0.859110002511
37150000.0	37250000.0	0.85441938701
37650000.0	37750000.0	0.87887724197
37750000.0	37850000.0	0.834523304514
37900000.0	38000000.0	0.835153989473
38050000.0	38150000.0	0.866584970367
38100000.0	38200000.0	0.872993956299
38150000.0	38250000.0	0.790106914389
38350000.0	38450000.0	0.816791367283
38400000.0	38500000.0	0.892178504445
38750000.0	38850000.0	0.871064497613
38800000.0	38900000.0	0.895533631944
38850000.0	38950000.0	0.768935947291
39150000.0	39250000.0	0.720991439621
39300000.0	39400000.0	0.799566104388
39600000.0	39700000.0	0.891710493163
39650000.0	39750000.0	0.887837160794
39850000.0	39950000.0	0.829800805447
39900000.0	40000000.0	0.749782769236
39950000.0	40050000.0	0.797847197669
40000000.0	40100000.0	0.877117616421
40150000.0	40250000.0	0.86540598577
40250000.0	40350000.0	0.827727618349
40450000.0	40550000.0	0.864228555644
40650000.0	40750000.0	0.79579057782
40700000.0	40800000.0	0.892266736859
40900000.0	41000000.0	0.845032148382
41150000.0	41250000.0	0.682110942132
41200000.0	41300000.0	0.882903067055
41300000.0	41400000.0	0.8801330973
41350000.0	41450000.0	0.861926338976
41500000.0	41600000.0	0.740243008772
41650000.0	41750000.0	0.834044099919
41750000.0	41850000.0	0.865783584321
41800000.0	41900000.0	0.842394201182
42250000.0	42350000.0	0.714013721766
42450000.0	42550000.0	0.837397109718
42700000.0	42800000.0	0.813660013279
42750000.0	42850000.0	0.867974403266
43000000.0	43100000.0	0.872275731893
43100000.0	43200000.0	0.881581606351
43150000.0	43250000.0	0.893068965873
43350000.0	43450000.0	0.870062007256
43450000.0	43550000.0	0.895692786993
43600000.0	43700000.0	0.859845853487
43650000.0	43750000.0	0.889655441446
43800000.0	43900000.0	0.809318728334
43900000.0	44000000.0	0.74107171889
43950000.0	44050000.0	0.725728100625
44100000.0	44200000.0	0.746931946988
44150000.0	44250000.0	0.824881983893
44250000.0	44350000.0	0.899631891326
44300000.0	44400000.0	0.885911451905
44950000.0	45050000.0	0.848268145976
45750000.0	45850000.0	0.868483103254
45800000.0	45900000.0	0.723741368156
45950000.0	46050000.0	0.832402191272
46000000.0	46100000.0	0.787610162198
46100000.0	46200000.0	0.887357503537
46150000.0	46250000.0	0.877258756358
46250000.0	46350000.0	0.846101651932
46350000.0	46450000.0	0.868828602689
46400000.0	46500000.0	0.798242725078
46500000.0	46600000.0	0.738526888404
46700000.0	46800000.0	0.594156062172
46750000.0	46850000.0	0.721153906429
46800000.0	46900000.0	0.830845124956
46900000.0	47000000.0	0.717737141646
47450000.0	47550000.0	0.885863804864
48400000.0	48500000.0	0.872709851721
48450000.0	48550000.0	0.675749363237
48600000.0	48700000.0	0.838387384324
49700000.0	49800000.0	0.855846635688
49900000.0	50000000.0	0.844080703987
50200000.0	50300000.0	0.881486558586
50300000.0	50400000.0	0.798603000054
50400000.0	50500000.0	0.614666110769
50850000.0	50950000.0	0.895812403612
50900000.0	51000000.0	0.877336947061
50950000.0	51050000.0	0.858407215004
51000000.0	51100000.0	0.854634386878
51100000.0	51200000.0	0.898892569242
51150000.0	51250000.0	0.892303334583
51200000.0	51300000.0	0.889915727176
51250000.0	51350000.0	0.874836249729
51350000.0	51450000.0	0.876873935148
51450000.0	51550000.0	0.857480923473
51700000.0	51800000.0	0.70959115141
52150000.0	52250000.0	0.877354426618
52550000.0	52650000.0	0.768927694
53100000.0	53200000.0	0.83368894696
53150000.0	53250000.0	0.874534429687
53200000.0	53300000.0	0.883687951933
53400000.0	53500000.0	0.891327441367
53600000.0	53700000.0	0.724725349216
53750000.0	53850000.0	0.892642725319
53800000.0	53900000.0	0.574995690789
53850000.0	53950000.0	0.83137841423
54250000.0	54350000.0	0.871003832304
54400000.0	54500000.0	0.862427820846
54550000.0	54650000.0	0.746776083049
54600000.0	54700000.0	0.755742363849
54650000.0	54750000.0	0.894375048433
54700000.0	54800000.0	0.835562508245
54750000.0	54850000.0	0.887255760295
54800000.0	54900000.0	0.862244931665
54900000.0	55000000.0	0.827347237083
54950000.0	55050000.0	0.847111638284
55050000.0	55150000.0	0.87877859742
55100000.0	55200000.0	0.8170933211
55150000.0	55250000.0	0.776570788097
55200000.0	55300000.0	0.799039629895
55350000.0	55450000.0	0.653353864785
55400000.0	55500000.0	0.759136597498
55500000.0	55600000.0	0.611155771906
55550000.0	55650000.0	0.760445784672
55850000.0	55950000.0	0.888283995538
55950000.0	56050000.0	0.849311369069
56350000.0	56450000.0	0.898158517334
56500000.0	56600000.0	0.821094603952
56550000.0	56650000.0	0.877737596625
56850000.0	56950000.0	0.873692144071
56950000.0	57050000.0	0.896182598997
57300000.0	57400000.0	0.860135215133
57350000.0	57450000.0	0.848514779297
57450000.0	57550000.0	0.85594537743
58250000.0	58350000.0	0.864820782509
58650000.0	58750000.0	0.895176066653
58700000.0	58800000.0	0.892208291623
58750000.0	58850000.0	0.788172152083
58800000.0	58900000.0	0.814062067076
58850000.0	58950000.0	0.844465810304
58900000.0	59000000.0	0.741261370034
59000000.0	59100000.0	0.814902921344
59300000.0	59400000.0	0.811700830409
59350000.0	59450000.0	0.83443855216
59950000.0	60050000.0	0.447135385298
60200000.0	60300000.0	0.893358569247
60300000.0	60400000.0	0.896252092578
60500000.0	60600000.0	0.895659498033
60600000.0	60700000.0	0.747720167499
60750000.0	60850000.0	0.896071267242
60850000.0	60950000.0	0.798496960425
60900000.0	61000000.0	0.883117322254
61050000.0	61150000.0	0.792390432645
61100000.0	61200000.0	0.85626763381
61150000.0	61250000.0	0.867456193532
61300000.0	61400000.0	0.873444670568
61450000.0	61550000.0	0.820720087451
61600000.0	61700000.0	0.831122781283
61950000.0	62050000.0	0.707920991661
62050000.0	62150000.0	0.869412424296
62200000.0	62300000.0	0.499317551573
62250000.0	62350000.0	0.753285696411
62300000.0	62400000.0	0.883249207967
62350000.0	62450000.0	0.806751505067
62400000.0	62500000.0	0.898745590528
62450000.0	62550000.0	0.778533068506
62500000.0	62600000.0	0.844376297157
62600000.0	62700000.0	0.511161826815
62750000.0	62850000.0	0.899189748639
62800000.0	62900000.0	0.883392495177
62850000.0	62950000.0	0.82110889764
62950000.0	63050000.0	0.846548081584
63050000.0	63150000.0	0.586641258269
63100000.0	63200000.0	0.768558343252
63150000.0	63250000.0	0.84435921896
63350000.0	63450000.0	0.876843132924
63400000.0	63500000.0	0.883198786811
63450000.0	63550000.0	0.781550160741
63600000.0	63700000.0	0.898070616267
63700000.0	63800000.0	0.847788970714
63950000.0	64050000.0	0.696862709853
64150000.0	64250000.0	0.870594552874
64200000.0	64300000.0	0.679179710179
64250000.0	64350000.0	0.867865338407
64350000.0	64450000.0	0.749481677409
64450000.0	64550000.0	0.827475416769
64550000.0	64650000.0	0.729273435693
64600000.0	64700000.0	0.726756899126
64650000.0	64750000.0	0.676826417293
64700000.0	64800000.0	0.813385941236
64750000.0	64850000.0	0.866686321727
64850000.0	64950000.0	0.782633160025
64900000.0	65000000.0	0.806808661626
65000000.0	65100000.0	0.859806082935
65300000.0	65400000.0	0.828097157783
65350000.0	65450000.0	0.890741136956
65400000.0	65500000.0	0.676954818819
65450000.0	65550000.0	0.651460249546
65600000.0	65700000.0	0.793114771983
66000000.0	66100000.0	0.890494159734
66100000.0	66200000.0	0.651271911216
66150000.0	66250000.0	0.163803966776
66200000.0	66300000.0	0.248605123425
66250000.0	66350000.0	0.722003743175
66300000.0	66400000.0	0.827113134592
66400000.0	66500000.0	0.638074609197
66450000.0	66550000.0	0.851931440598
66750000.0	66850000.0	0.886941032722
66900000.0	67000000.0	0.83023963383
67150000.0	67250000.0	0.68626984337
67250000.0	67350000.0	0.897509208765
67350000.0	67450000.0	0.794014746386
67400000.0	67500000.0	0.841047168097
67600000.0	67700000.0	0.867193033628
67650000.0	67750000.0	0.811331366737
67700000.0	67800000.0	0.813602964282
67850000.0	67950000.0	0.836989103815
68050000.0	68150000.0	0.804826232269
68100000.0	68200000.0	0.760276965736
68200000.0	68300000.0	0.830938573121
68250000.0	68350000.0	0.67088217419
68300000.0	68400000.0	0.892912260772
68400000.0	68500000.0	0.818490188905
68450000.0	68550000.0	0.864735060418
68800000.0	68900000.0	0.652880642278
68950000.0	69050000.0	0.826033355713
69000000.0	69100000.0	0.841792445574
69300000.0	69400000.0	0.899632205016
69450000.0	69550000.0	0.804962058031
69500000.0	69600000.0	0.891939860956
69600000.0	69700000.0	0.878074384946
70000000.0	70100000.0	0.808875767793
70050000.0	70150000.0	0.886392579107
70150000.0	70250000.0	0.825831689532
70250000.0	70350000.0	0.844999055866
70400000.0	70500000.0	0.775269616612
70450000.0	70550000.0	0.724823286877
70550000.0	70650000.0	0.660081381329
70650000.0	70750000.0	0.839051565746
70700000.0	70800000.0	0.853459724792
70850000.0	70950000.0	0.767764217268
70900000.0	71000000.0	0.876479180673
70950000.0	71050000.0	0.832273065548
71000000.0	71100000.0	0.891644041075
71050000.0	71150000.0	0.864770376292
71100000.0	71200000.0	0.7267272346
71200000.0	71300000.0	0.861615051595
71300000.0	71400000.0	0.898333707258
71350000.0	71450000.0	0.869796594875
71400000.0	71500000.0	0.811214047929
71750000.0	71850000.0	0.864983390359
71950000.0	72050000.0	0.744517245133
72300000.0	72400000.0	0.831050319386
72450000.0	72550000.0	0.775959240674
72700000.0	72800000.0	0.884500647475
72850000.0	72950000.0	0.862901661793
73350000.0	73450000.0	0.876352392909
73650000.0	73750000.0	0.799568134644
73800000.0	73900000.0	0.876717512309
74150000.0	74250000.0	0.680407687239
74250000.0	74350000.0	0.834189331473
74300000.0	74400000.0	0.720962279653
74350000.0	74450000.0	0.886866593186
74450000.0	74550000.0	0.888885032116
74550000.0	74650000.0	0.664138133589
74650000.0	74750000.0	0.650579767608
74700000.0	74800000.0	0.889846475185
74800000.0	74900000.0	0.894181781279
74950000.0	75050000.0	0.857603152408
75100000.0	75200000.0	0.758595689149
75150000.0	75250000.0	0.823404640829
75200000.0	75300000.0	0.748542750068
75250000.0	75350000.0	0.83532633062
75300000.0	75400000.0	0.86875846212
75350000.0	75450000.0	0.870336218636
75400000.0	75500000.0	0.790505529885
75450000.0	75550000.0	0.774415096987
75500000.0	75600000.0	0.743451519419
75550000.0	75650000.0	0.724492743828
75600000.0	75700000.0	0.754699894006
75650000.0	75750000.0	0.846675834238
75800000.0	75900000.0	0.80591088355
75850000.0	75950000.0	0.817128356608
75900000.0	76000000.0	0.894313976733
76050000.0	76150000.0	0.887551011013
76400000.0	76500000.0	0.873683573821
76450000.0	76550000.0	0.848600513622
76600000.0	76700000.0	0.863365387662
77050000.0	77150000.0	0.843003979437
77150000.0	77250000.0	0.808414567855
77200000.0	77300000.0	0.819509206542
77250000.0	77350000.0	0.843634764332
77350000.0	77450000.0	0.845966069493
77600000.0	77700000.0	0.887254089268
77650000.0	77750000.0	0.888282016403
77750000.0	77850000.0	0.728931006406
77800000.0	77900000.0	0.866226583912
77850000.0	77950000.0	0.880358076059
77900000.0	78000000.0	0.892292845072
77950000.0	78050000.0	0.801543962736
78000000.0	78100000.0	0.843319081797
78100000.0	78200000.0	0.762955915684
78300000.0	78400000.0	0.816644661043
78350000.0	78450000.0	0.875887680582
78450000.0	78550000.0	0.322979855412
78500000.0	78600000.0	0.820463907056
78550000.0	78650000.0	0.896012834443
78700000.0	78800000.0	0.887011804596
78750000.0	78850000.0	0.875007512778
78800000.0	78900000.0	0.820210015675
78950000.0	79050000.0	0.807203785189
79000000.0	79100000.0	0.874115319606
79150000.0	79250000.0	0.823230751456
79200000.0	79300000.0	0.822494539816
79250000.0	79350000.0	0.87074705462
79300000.0	79400000.0	0.660204865727
79450000.0	79550000.0	0.657321081969
79650000.0	79750000.0	0.87062856418
79750000.0	79850000.0	0.8995910606
79850000.0	79950000.0	0.850476958109
79900000.0	80000000.0	0.852456171233
80050000.0	80150000.0	0.883927823432
80100000.0	80200000.0	0.858271387082
80400000.0	80500000.0	0.74413742567
80450000.0	80550000.0	0.794432109062
80500000.0	80600000.0	0.829423934149
80550000.0	80650000.0	0.751738547852
80750000.0	80850000.0	0.884750793061
80850000.0	80950000.0	0.64319993923
80900000.0	81000000.0	0.799975569219
81000000.0	81100000.0	0.843292288525
81050000.0	81150000.0	0.83385985374
81400000.0	81500000.0	0.771984459123
81550000.0	81650000.0	0.670942419985
81600000.0	81700000.0	0.746549079125
81700000.0	81800000.0	0.833275568357
81750000.0	81850000.0	0.862213370288
81800000.0	81900000.0	0.814160809547
82100000.0	82200000.0	0.872316583113
82150000.0	82250000.0	0.875237872883
82250000.0	82350000.0	0.834908485722
82300000.0	82400000.0	0.891432439595
82350000.0	82450000.0	0.894473022472
82400000.0	82500000.0	0.863365206055
82600000.0	82700000.0	0.657331605227
82700000.0	82800000.0	0.892502870388
82800000.0	82900000.0	0.881042899213
83050000.0	83150000.0	0.614519827807
83100000.0	83200000.0	0.830789552018
83250000.0	83350000.0	0.819765608283
83500000.0	83600000.0	0.768818710334
83700000.0	83800000.0	0.696048828598
83800000.0	83900000.0	0.888118022362
83900000.0	84000000.0	0.745422290129
83950000.0	84050000.0	0.881791045428
84000000.0	84100000.0	0.856246748087
84050000.0	84150000.0	0.868874568578
84100000.0	84200000.0	0.83955948068
84300000.0	84400000.0	0.878854176941
84400000.0	84500000.0	0.867873042476
84550000.0	84650000.0	0.888720262876
84650000.0	84750000.0	0.810164027855
84750000.0	84850000.0	0.883797010595
84800000.0	84900000.0	0.893086147243
84850000.0	84950000.0	0.870438221052
84900000.0	85000000.0	0.789615813943
85050000.0	85150000.0	0.893449616979
85100000.0	85200000.0	0.898612042447
85300000.0	85400000.0	0.578342679132
85350000.0	85450000.0	0.880245577841
85450000.0	85550000.0	0.873606671112
85500000.0	85600000.0	0.82295041782
85800000.0	85900000.0	0.885634768825
85850000.0	85950000.0	0.866973830369
85950000.0	86050000.0	0.886495277339
86000000.0	86100000.0	0.861986799225
86050000.0	86150000.0	0.852594203553
86100000.0	86200000.0	0.829803967313
86550000.0	86650000.0	0.708692005741
86700000.0	86800000.0	0.716161146395
86850000.0	86950000.0	0.872963148198
87050000.0	87150000.0	0.768038147972
87200000.0	87300000.0	0.614582700481
87300000.0	87400000.0	0.85170269923
87400000.0	87500000.0	0.717392729281
87500000.0	87600000.0	0.834623693394
87600000.0	87700000.0	0.83785353923
87850000.0	87950000.0	0.743926677992
87900000.0	88000000.0	0.851556479486
88000000.0	88100000.0	0.817800628818
88100000.0	88200000.0	0.771129982447
88300000.0	88400000.0	0.889540800629
88450000.0	88550000.0	0.726735262779
88500000.0	88600000.0	0.862629308678
88550000.0	88650000.0	0.882583957336
88650000.0	88750000.0	0.73184404128
88750000.0	88850000.0	0.743364732392
88850000.0	88950000.0	0.655285925865
88900000.0	89000000.0	0.883576714695
89050000.0	89150000.0	0.841343911
89100000.0	89200000.0	0.829048991248
89150000.0	89250000.0	0.768443017909
89200000.0	89300000.0	0.72606211397
89300000.0	89400000.0	0.894007114731
89350000.0	89450000.0	0.476580022421
89450000.0	89550000.0	0.588023811104
89500000.0	89600000.0	0.854300205235
89700000.0	89800000.0	0.641717585158
89750000.0	89850000.0	0.807338882067
89850000.0	89950000.0	0.726770992589
89900000.0	90000000.0	0.771172557366
89950000.0	90050000.0	0.877246943423
90000000.0	90100000.0	0.851515542993
90150000.0	90250000.0	0.806563773232
90200000.0	90300000.0	0.832720398922
90300000.0	90400000.0	0.840696753856
90350000.0	90450000.0	0.813571117645
90400000.0	90500000.0	0.855970253347
90450000.0	90550000.0	0.484410839301
90500000.0	90600000.0	0.0
90550000.0	90650000.0	0.0
90600000.0	90700000.0	0.0
90650000.0	90750000.0	0.0
90700000.0	90800000.0	0.0
90750000.0	90850000.0	0.0
90800000.0	90900000.0	0.0
90850000.0	90950000.0	0.0
90900000.0	91000000.0	0.0
90950000.0	91050000.0	0.0
91000000.0	91100000.0	0.0
91050000.0	91150000.0	0.0
91100000.0	91200000.0	0.0
91150000.0	91250000.0	0.0
91200000.0	91300000.0	0.0
91250000.0	91350000.0	0.0
91300000.0	91400000.0	0.0
91350000.0	91450000.0	0.0
91400000.0	91500000.0	0.0
91450000.0	91550000.0	0.0
91500000.0	91600000.0	0.0
91550000.0	91650000.0	0.0
91600000.0	91700000.0	0.0
91650000.0	91750000.0	0.0
91700000.0	91800000.0	0.0
91750000.0	91850000.0	0.0
91800000.0	91900000.0	0.0
91850000.0	91950000.0	0.0
91900000.0	92000000.0	0.0
91950000.0	92050000.0	0.0
92000000.0	92100000.0	0.0
92050000.0	92150000.0	0.0
92100000.0	92200000.0	0.0
92150000.0	92250000.0	0.0
92200000.0	92300000.0	0.0
92250000.0	92350000.0	0.0
92300000.0	92400000.0	0.0
92350000.0	92450000.0	0.0
92400000.0	92500000.0	0.0
92450000.0	92550000.0	0.0
92500000.0	92600000.0	0.0
92550000.0	92650000.0	0.0
92600000.0	92700000.0	0.0
92650000.0	92750000.0	0.0
92700000.0	92800000.0	0.0
92750000.0	92850000.0	0.0
92800000.0	92900000.0	0.0
92850000.0	92950000.0	0.0
92900000.0	93000000.0	0.0
92950000.0	93050000.0	0.0
93000000.0	93100000.0	0.0
93050000.0	93150000.0	0.0
93100000.0	93200000.0	0.0
93150000.0	93250000.0	0.0
93200000.0	93300000.0	0.0
93250000.0	93350000.0	0.0
93300000.0	93400000.0	0.0
93350000.0	93450000.0	0.0
93400000.0	93500000.0	0.0
93450000.0	93550000.0	0.346011711487
93500000.0	93600000.0	0.774622121565
93550000.0	93650000.0	0.891785138829
93900000.0	94000000.0	0.860733503935
94000000.0	94100000.0	0.585184383221
94050000.0	94150000.0	0.860204215392
94200000.0	94300000.0	0.725170206438
94300000.0	94400000.0	0.866706984942
94500000.0	94600000.0	0.895818150611
94550000.0	94650000.0	0.888811507055
94700000.0	94800000.0	0.879905060732
94800000.0	94900000.0	0.871108600071
94950000.0	95050000.0	0.706860214349
95100000.0	95200000.0	0.835160856195
95150000.0	95250000.0	0.802317202218
95250000.0	95350000.0	0.866947902647
95300000.0	95400000.0	0.864447456241
95350000.0	95450000.0	0.87475410134
95450000.0	95550000.0	0.792600187474
95500000.0	95600000.0	0.884334656763
95700000.0	95800000.0	0.891859797713
95750000.0	95850000.0	0.899455620242
95850000.0	95950000.0	0.74432852815
96050000.0	96150000.0	0.898540010383
96300000.0	96400000.0	0.770923670583
96350000.0	96450000.0	0.873518389702
96400000.0	96500000.0	0.809677360186
96500000.0	96600000.0	0.0
96550000.0	96650000.0	0.469210123011
96650000.0	96750000.0	0.865697268986
96800000.0	96900000.0	0.89136237989
96850000.0	96950000.0	0.453361230189
96950000.0	97050000.0	0.769946168787
97000000.0	97100000.0	0.742422869288
97100000.0	97200000.0	0.76770115975
97200000.0	97300000.0	0.863236250402
97250000.0	97350000.0	0.865691135519
97350000.0	97450000.0	0.842835340056
97450000.0	97550000.0	0.794847546564
97500000.0	97600000.0	0.778419844268
97650000.0	97750000.0	0.774870864128
97700000.0	97800000.0	0.859608963747
97750000.0	97850000.0	0.865269492922
97800000.0	97900000.0	0.892428084229
98000000.0	98100000.0	0.886870304907
98050000.0	98150000.0	0.71629164671
98150000.0	98250000.0	0.854555783734
98200000.0	98300000.0	0.823299236313
98450000.0	98550000.0	0.856702218347
98500000.0	98600000.0	0.895832014659
98550000.0	98650000.0	0.882437193574
98700000.0	98800000.0	0.842782781615
98750000.0	98850000.0	0.87957016312
98800000.0	98900000.0	0.786033710075
98950000.0	99050000.0	0.766247744052
99000000.0	99100000.0	0.883445554704
99050000.0	99150000.0	0.813420843745
99100000.0	99200000.0	0.793715663278
99300000.0	99400000.0	0.874407035064
99800000.0	99900000.0	0.887796912572
100100000.0	100200000.0	0.847866873338
100150000.0	100250000.0	0.87637481595
100200000.0	100300000.0	0.793388318305
100250000.0	100350000.0	0.777124776594
100300000.0	100400000.0	0.889199691817
100350000.0	100450000.0	0.791994151353
100450000.0	100550000.0	0.747547080695
100500000.0	100600000.0	0.804976271333
100550000.0	100650000.0	0.882540860324
100600000.0	100700000.0	0.840024243416
100800000.0	100900000.0	0.876800344203
100850000.0	100950000.0	0.828945554952
101000000.0	101100000.0	0.854257151511
101100000.0	101200000.0	0.814451854276
101400000.0	101500000.0	0.855638255474
101550000.0	101650000.0	0.842342828562
101750000.0	101850000.0	0.850755397404
101800000.0	101900000.0	0.781151858485
101900000.0	102000000.0	0.693949990958
101950000.0	102050000.0	0.839287357199
102050000.0	102150000.0	0.847780715247
102500000.0	102600000.0	0.716247641369
102600000.0	102700000.0	0.73668787446
102650000.0	102750000.0	0.86950282184
102700000.0	102800000.0	0.866292643424
102900000.0	103000000.0	0.817268995375
103050000.0	103150000.0	0.38392783811
103100000.0	103200000.0	0.865237139303
103400000.0	103500000.0	0.861030632525
103450000.0	103550000.0	0.867056919752
103500000.0	103600000.0	0.557091793394
103550000.0	103650000.0	0.778714255904
104100000.0	104200000.0	0.723840114663
104450000.0	104550000.0	0.575285247824
104500000.0	104600000.0	0.877987674714
104550000.0	104650000.0	0.829566342202
104600000.0	104700000.0	0.860131336164
104750000.0	104850000.0	0.887239607741
104800000.0	104900000.0	0.888808172223
104850000.0	104950000.0	0.899847277155
104950000.0	105050000.0	0.863245021273
105000000.0	105100000.0	0.858636497855
105050000.0	105150000.0	0.875642319737
105200000.0	105300000.0	0.888629007767
105250000.0	105350000.0	0.622080913105
105300000.0	105400000.0	0.880641893155
105500000.0	105600000.0	0.848615127025
105600000.0	105700000.0	0.882990345208
105650000.0	105750000.0	0.877093705679
105700000.0	105800000.0	0.895470381078
105850000.0	105950000.0	0.843498848971
105900000.0	106000000.0	0.613732982931
105950000.0	106050000.0	0.84097124247
106000000.0	106100000.0	0.731653867618
106300000.0	106400000.0	0.867658918002
106400000.0	106500000.0	0.764291816953
106600000.0	106700000.0	0.858526346548
106650000.0	106750000.0	0.874798460181
107150000.0	107250000.0	0.871656178728
107200000.0	107300000.0	0.850844081789
107250000.0	107350000.0	0.760889720923
107300000.0	107400000.0	0.780093296039
107350000.0	107450000.0	0.680901348996
107400000.0	107500000.0	0.860702212456
107450000.0	107550000.0	0.813076505355
107500000.0	107600000.0	0.815517518798
107700000.0	107800000.0	0.79828831191
107800000.0	107900000.0	0.861336322902
107850000.0	107950000.0	0.892520623968
107900000.0	108000000.0	0.854832852369
107950000.0	108050000.0	0.811802525703
108000000.0	108100000.0	0.874417837901
108050000.0	108150000.0	0.77046838705
108100000.0	108200000.0	0.803083247606
108200000.0	108300000.0	0.839066296319
108300000.0	108400000.0	0.607982687864
108450000.0	108550000.0	0.848521733646
108850000.0	108950000.0	0.877603923945
108900000.0	109000000.0	0.879263415784
109150000.0	109250000.0	0.817554446392
109200000.0	109300000.0	0.746775811495
109350000.0	109450000.0	0.868621493069
109400000.0	109500000.0	0.880559170174
109450000.0	109550000.0	0.842736067083
109500000.0	109600000.0	0.845190316733
109650000.0	109750000.0	0.863305578824
110000000.0	110100000.0	0.5912425775
110100000.0	110200000.0	0.647252136255
110150000.0	110250000.0	0.851354169376
110250000.0	110350000.0	0.632642578416
110300000.0	110400000.0	0.715427800782
110500000.0	110600000.0	0.608841069439
110650000.0	110750000.0	0.765840114547
110700000.0	110800000.0	0.835339734892
110800000.0	110900000.0	0.870537780525
110850000.0	110950000.0	0.872888450353
111200000.0	111300000.0	0.849670199974
111250000.0	111350000.0	0.806323120897
111500000.0	111600000.0	0.73309357963
111600000.0	111700000.0	0.887832541208
111850000.0	111950000.0	0.76144453383
111900000.0	112000000.0	0.87791678511
112300000.0	112400000.0	0.722500546763
112350000.0	112450000.0	0.746210252835
112400000.0	112500000.0	0.804101027807
112550000.0	112650000.0	0.841886780449
112700000.0	112800000.0	0.802802403259
112850000.0	112950000.0	0.66900985773
112900000.0	113000000.0	0.827548588318
112950000.0	113050000.0	0.234454621782
113000000.0	113100000.0	0.711150040529
113100000.0	113200000.0	0.895518620962
113250000.0	113350000.0	0.859219005828
113300000.0	113400000.0	0.889613478176
113450000.0	113550000.0	0.72528466996
113900000.0	114000000.0	0.893478852412
114050000.0	114150000.0	0.871705573488
114150000.0	114250000.0	0.657001719077
114200000.0	114300000.0	0.787055245284
114550000.0	114650000.0	0.868730693982
114800000.0	114900000.0	0.83367121408
114850000.0	114950000.0	0.717916167328
114950000.0	115050000.0	0.816029742427
115000000.0	115100000.0	0.872491707932
115050000.0	115150000.0	0.688860010438
115150000.0	115250000.0	0.850528707277
115200000.0	115300000.0	0.754512694697
115300000.0	115400000.0	0.826674441522
115350000.0	115450000.0	0.690004533473
115450000.0	115550000.0	0.899341914091
115500000.0	115600000.0	0.849837389671
115600000.0	115700000.0	0.88087633324
115650000.0	115750000.0	0.795505345148
115700000.0	115800000.0	0.706263081024
115750000.0	115850000.0	0.843317013806
115800000.0	115900000.0	0.871749413774
115850000.0	115950000.0	0.697279484581
115900000.0	116000000.0	0.877313782691
116000000.0	116100000.0	0.843863159068
116050000.0	116150000.0	0.670796078391
116150000.0	116250000.0	0.863736478486
116200000.0	116300000.0	0.887216087192
116300000.0	116400000.0	0.676940665042
116400000.0	116500000.0	0.793772730983
116500000.0	116600000.0	0.845303213292
116550000.0	116650000.0	0.830133091555
116650000.0	116750000.0	0.844054674309
116800000.0	116900000.0	0.895414382278
116900000.0	117000000.0	0.845167052179
116950000.0	117050000.0	0.587624966958
117150000.0	117250000.0	0.798185552425
117300000.0	117400000.0	0.855774422516
117400000.0	117500000.0	0.854326410066
117450000.0	117550000.0	0.842245278275
117650000.0	117750000.0	0.780154813289
117700000.0	117800000.0	0.716603228942
117950000.0	118050000.0	0.833203529122
118050000.0	118150000.0	0.856936767209
118200000.0	118300000.0	0.625300702627
118250000.0	118350000.0	0.894106658926
118300000.0	118400000.0	0.86970458618
118400000.0	118500000.0	0.830078394692
118500000.0	118600000.0	0.845234943907
118600000.0	118700000.0	0.60895178684
118700000.0	118800000.0	0.844610438497
118750000.0	118850000.0	0.770907481079
118800000.0	118900000.0	0.695804328466
119150000.0	119250000.0	0.885624838542
119500000.0	119600000.0	0.87062001424
120000000.0	120100000.0	0.849005137239
120050000.0	120150000.0	0.899686812667
120250000.0	120350000.0	0.834133040437
120400000.0	120500000.0	0.846329430591
120550000.0	120650000.0	0.882283775042
120600000.0	120700000.0	0.872672885299
120650000.0	120750000.0	0.86493045493
120700000.0	120800000.0	0.820923044262
120750000.0	120850000.0	0.892571980547
120800000.0	120900000.0	0.864230420491
120950000.0	121050000.0	0.856859282985
121000000.0	121100000.0	0.825961413917
121050000.0	121150000.0	0.84662164465
121100000.0	121200000.0	0.871612821159
121550000.0	121650000.0	0.856930780579
121750000.0	121850000.0	0.891290684192
121800000.0	121900000.0	0.892124913917
121850000.0	121950000.0	0.890351143237
121900000.0	122000000.0	0.886165074971
121950000.0	122050000.0	0.776742022326
122000000.0	122100000.0	0.894926562829
122350000.0	122450000.0	0.898936450382
122400000.0	122500000.0	0.799688917475
122650000.0	122750000.0	0.676911355892
122800000.0	122900000.0	0.850291826226
123000000.0	123100000.0	0.729234280598
123100000.0	123200000.0	0.83797173694
123550000.0	123650000.0	0.892744908695
123650000.0	123750000.0	0.895844138787
124100000.0	124200000.0	0.875046771534
124350000.0	124450000.0	0.873013608394
124400000.0	124500000.0	0.849175065347
124750000.0	124850000.0	0.801154786584
125000000.0	125100000.0	0.819840954689
125050000.0	125150000.0	0.897794282302
125350000.0	125450000.0	0.79662838169
125400000.0	125500000.0	0.690650938245
125450000.0	125550000.0	0.662635359129
125500000.0	125600000.0	0.697466322339
125550000.0	125650000.0	0.692642273452
125600000.0	125700000.0	0.695956479078
125650000.0	125750000.0	0.84595032948
125750000.0	125850000.0	0.855830177618
125850000.0	125950000.0	0.790804456872
125950000.0	126050000.0	0.88994838408
126000000.0	126100000.0	0.890927682561
126200000.0	126300000.0	0.738185344184
126250000.0	126350000.0	0.734456875047
126450000.0	126550000.0	0.86033247406
126500000.0	126600000.0	0.863189730598
126600000.0	126700000.0	0.821024997499
126700000.0	126800000.0	0.351459402193
126750000.0	126850000.0	0.850315652203
126850000.0	126950000.0	0.851519683551
126900000.0	127000000.0	0.610420358177
127000000.0	127100000.0	0.866198887712
127050000.0	127150000.0	0.727749038858
127100000.0	127200000.0	0.894157821108
127200000.0	127300000.0	0.801052600762
127250000.0	127350000.0	0.815807699379
127500000.0	127600000.0	0.870979261908
127650000.0	127750000.0	0.854966378142
128050000.0	128150000.0	0.0
128100000.0	128200000.0	0.444852455122
128200000.0	128300000.0	0.680316938081
128500000.0	128600000.0	0.87154892674
128600000.0	128700000.0	0.894470505798
128650000.0	128750000.0	0.88854633862
128750000.0	128850000.0	0.869373552019
129150000.0	129250000.0	0.83373345674
129300000.0	129400000.0	0.685992636845
129450000.0	129550000.0	0.839346038558
129650000.0	129750000.0	0.829575360014
129700000.0	129800000.0	0.746929914303
129750000.0	129850000.0	0.738439013835
129800000.0	129900000.0	0.610949617351
129850000.0	129950000.0	0.5943040861
129900000.0	130000000.0	0.8015956436
129950000.0	130050000.0	0.879342893122
130000000.0	130100000.0	0.830972102066
130100000.0	130200000.0	0.824390241614
130250000.0	130350000.0	0.886149112584
130400000.0	130500000.0	0.6806863279
130450000.0	130550000.0	0.874203737051
130700000.0	130800000.0	0.898093639362
130800000.0	130900000.0	0.878592767653
130950000.0	131050000.0	0.795649647577
131000000.0	131100000.0	0.864514621948
131050000.0	131150000.0	0.854854779398
131150000.0	131250000.0	0.857208598456
131300000.0	131400000.0	0.860487014144
131450000.0	131550000.0	0.867986700389
131500000.0	131600000.0	0.839910657392
131550000.0	131650000.0	0.83711483888
131650000.0	131750000.0	0.896214476082
131750000.0	131850000.0	0.760105632066
131800000.0	131900000.0	0.897431901305
131850000.0	131950000.0	0.882664483907
131900000.0	132000000.0	0.860606999202
131950000.0	132050000.0	0.890032666286
132300000.0	132400000.0	0.897503988479
132400000.0	132500000.0	0.88058074426
132450000.0	132550000.0	0.765941135233
132600000.0	132700000.0	0.867529574828
132650000.0	132750000.0	0.874859882979
132750000.0	132850000.0	0.899228882998
132800000.0	132900000.0	0.821401260558
133100000.0	133200000.0	0.876983670752
133550000.0	133650000.0	0.84780724099
133800000.0	133900000.0	0.86855849111
133950000.0	134050000.0	0.880309648776
134250000.0	134350000.0	0.788104150547
134400000.0	134500000.0	0.894200780638
134550000.0	134650000.0	0.704046851057
134650000.0	134750000.0	0.808515104437
134700000.0	134800000.0	0.838699064159
134800000.0	134900000.0	0.879599163902
134850000.0	134950000.0	0.654374216729
134950000.0	135050000.0	0.899785733441
135100000.0	135200000.0	0.865600323457
135250000.0	135350000.0	0.832364805241
135300000.0	135400000.0	0.805735986423
135450000.0	135550000.0	0.827550203941
135500000.0	135600000.0	0.898517510503
135550000.0	135650000.0	0.757090111553
135700000.0	135800000.0	0.796234366564
136000000.0	136100000.0	0.780318536912
136150000.0	136250000.0	0.833692579038
136650000.0	136750000.0	0.889881992053
136800000.0	136900000.0	0.820184387409
136850000.0	136950000.0	0.877477268744
136900000.0	137000000.0	0.793633927384
136950000.0	137050000.0	0.865953447407
137000000.0	137100000.0	0.759036529186
137050000.0	137150000.0	0.848510755039
137100000.0	137200000.0	0.78394699133
137200000.0	137300000.0	0.797612119028
137250000.0	137350000.0	0.819932430364
137300000.0	137400000.0	0.843359701077
137350000.0	137450000.0	0.875182543263
137400000.0	137500000.0	0.86505050366
137550000.0	137650000.0	0.839813120905
137750000.0	137850000.0	0.837182091179
138150000.0	138250000.0	0.774461365326
138350000.0	138450000.0	0.895254146196
138700000.0	138800000.0	0.874086997727
138750000.0	138850000.0	0.87070682391
138800000.0	138900000.0	0.589936988202
138850000.0	138950000.0	0.778010462646
138900000.0	139000000.0	0.886962099994
139200000.0	139300000.0	0.890886811826
139250000.0	139350000.0	0.806368243816
139400000.0	139500000.0	0.251747682568
139450000.0	139550000.0	0.699616183343
139500000.0	139600000.0	0.83666889262
139550000.0	139650000.0	0.853588365439
139700000.0	139800000.0	0.816410294159
139850000.0	139950000.0	0.866521642831
139900000.0	140000000.0	0.540875079646
139950000.0	140050000.0	0.89163263095
140000000.0	140100000.0	0.74061733334
140050000.0	140150000.0	0.85771316659
140150000.0	140250000.0	0.833541888108
140300000.0	140400000.0	0.875414389625
140350000.0	140450000.0	0.88748271588
140400000.0	140500000.0	0.831599101822
140450000.0	140550000.0	0.82021091094
140800000.0	140900000.0	0.762804738174
140950000.0	141050000.0	0.792896703625
141100000.0	141200000.0	0.722647090551
141800000.0	141900000.0	0.896058854596
142000000.0	142100000.0	0.898376271156
142550000.0	142650000.0	0.897399671399
142700000.0	142800000.0	0.896448868449
142750000.0	142850000.0	0.844173939757
142850000.0	142950000.0	0.874060541362
143000000.0	143100000.0	0.811750901908
143050000.0	143150000.0	0.534576253792
143100000.0	143200000.0	0.866437907635
143150000.0	143250000.0	0.81547841591
143200000.0	143300000.0	0.885543205589
143250000.0	143350000.0	0.827201066852
143300000.0	143400000.0	0.746412424088
143350000.0	143450000.0	0.879034674741
143400000.0	143500000.0	0.834518264478
143550000.0	143650000.0	0.883850929085
143600000.0	143700000.0	0.829981558436
143750000.0	143850000.0	0.842410524199
143900000.0	144000000.0	0.870659062346
144000000.0	144100000.0	0.895289665924
144250000.0	144350000.0	0.873941873429
144300000.0	144400000.0	0.76869748679
144400000.0	144500000.0	0.638183854841
144650000.0	144750000.0	0.672802859259
144750000.0	144850000.0	0.831103699229
144800000.0	144900000.0	0.78823347355
144850000.0	144950000.0	0.805335044515
144900000.0	145000000.0	0.660036969036
145100000.0	145200000.0	0.528108200496
145150000.0	145250000.0	0.674985827162
145250000.0	145350000.0	0.869310256886
145300000.0	145400000.0	0.826449768576
145450000.0	145550000.0	0.841702900937
145500000.0	145600000.0	0.833269736393
145550000.0	145650000.0	0.884744132877
145600000.0	145700000.0	0.808742393726
145750000.0	145850000.0	0.873162623259
145950000.0	146050000.0	0.781242768155
146000000.0	146100000.0	0.877323894512
146100000.0	146200000.0	0.845096224249
146550000.0	146650000.0	0.849612577979
146600000.0	146700000.0	0.879499292238
146700000.0	146800000.0	0.791351281265
146750000.0	146850000.0	0.816965660894
146800000.0	146900000.0	0.836696398056
147050000.0	147150000.0	0.0
147100000.0	147200000.0	0.472539422044
147300000.0	147400000.0	0.860766011234
147350000.0	147450000.0	0.898262494236
147450000.0	147550000.0	0.860632795873
147500000.0	147600000.0	0.831044166232
147550000.0	147650000.0	0.810727266248
147650000.0	147750000.0	0.859174034713
147750000.0	147850000.0	0.85811493598
147800000.0	147900000.0	0.865266260806
147950000.0	148050000.0	0.864614706152
148000000.0	148100000.0	0.875155725559
148050000.0	148150000.0	0.879278959011
148250000.0	148350000.0	0.837293601513
148300000.0	148400000.0	0.73048072128
148650000.0	148750000.0	0.810334777489
148850000.0	148950000.0	0.892116016522
149150000.0	149250000.0	0.871097536899
149200000.0	149300000.0	0.841759068558
149450000.0	149550000.0	0.869041011819
149850000.0	149950000.0	0.713486267479
149900000.0	150000000.0	0.505489068206
150000000.0	150100000.0	0.829969700424
150250000.0	150350000.0	0.846549896216
150450000.0	150550000.0	0.81909012034
150500000.0	150600000.0	0.898088750464
150900000.0	151000000.0	0.864848040153
151150000.0	151250000.0	0.847350550939
151400000.0	151500000.0	0.862268573901
151800000.0	151900000.0	0.747654748565
151950000.0	152050000.0	0.867830659541
152050000.0	152150000.0	0.746244713886
152250000.0	152350000.0	0.823476891204
152300000.0	152400000.0	0.850974019868
152350000.0	152450000.0	0.702766113924
152450000.0	152550000.0	0.866609383529
152600000.0	152700000.0	0.792048978164
152900000.0	153000000.0	0.888205079308
153150000.0	153250000.0	0.828380451938
153200000.0	153300000.0	0.894381228951
153250000.0	153350000.0	0.862177690855
153450000.0	153550000.0	0.88064064517
153500000.0	153600000.0	0.873087920129
153600000.0	153700000.0	0.848521395874
153850000.0	153950000.0	0.872116804119
154000000.0	154100000.0	0.891500696278
154050000.0	154150000.0	0.893846764777
154100000.0	154200000.0	0.774505554395
154350000.0	154450000.0	0.83916163483
154400000.0	154500000.0	0.812255949461
154500000.0	154600000.0	0.868578360906
154550000.0	154650000.0	0.896014619696
154600000.0	154700000.0	0.876472017912
154750000.0	154850000.0	0.810702477571
154800000.0	154900000.0	0.873891617707
154950000.0	155050000.0	0.812891045891
155100000.0	155200000.0	0.793432567446
155150000.0	155250000.0	0.802990992421
155200000.0	155300000.0	0.842755073796
155400000.0	155500000.0	0.880089045584
155900000.0	156000000.0	0.824200112993
155950000.0	156050000.0	0.882591379331
156200000.0	156300000.0	0.706484340564
156400000.0	156500000.0	0.760106730682
156550000.0	156650000.0	0.784645869826
156750000.0	156850000.0	0.892198586211
156800000.0	156900000.0	0.790161808058
156900000.0	157000000.0	0.890190520169
156950000.0	157050000.0	0.892042006319
157000000.0	157100000.0	0.734204878047
157050000.0	157150000.0	0.888579686001
157100000.0	157200000.0	0.856969116714
157200000.0	157300000.0	0.713983683293
157250000.0	157350000.0	0.872948539847
157350000.0	157450000.0	0.87982748337
157400000.0	157500000.0	0.877118512213
157450000.0	157550000.0	0.882914511402
157550000.0	157650000.0	0.831866599838
157650000.0	157750000.0	0.846125929876
157700000.0	157800000.0	0.877181546804
157850000.0	157950000.0	0.892865633641
157900000.0	158000000.0	0.83665941792
157950000.0	158050000.0	0.880416420148
158100000.0	158200000.0	0.870640062177
158150000.0	158250000.0	0.872709998851
158200000.0	158300000.0	0.892572979026
158250000.0	158350000.0	0.861970356603
158300000.0	158400000.0	0.895918342212
158500000.0	158600000.0	0.799265067483
158750000.0	158850000.0	0.875342860779
158800000.0	158900000.0	0.843351358137
158850000.0	158950000.0	0.870225961361
159050000.0	159150000.0	0.829434366814
159100000.0	159200000.0	0.861816186752
159150000.0	159250000.0	0.801091393757
159200000.0	159300000.0	0.805798086736
159250000.0	159350000.0	0.844385983622
159800000.0	159900000.0	0.861349224226
159850000.0	159950000.0	0.898972273729
160000000.0	160100000.0	0.895317873378
160600000.0	160700000.0	0.893271623179
160650000.0	160750000.0	0.860212446661
160700000.0	160800000.0	0.890805313874
160800000.0	160900000.0	0.884307837389
160850000.0	160950000.0	0.897813359194
161100000.0	161200000.0	0.837818848692
161150000.0	161250000.0	0.545111063811
161400000.0	161500000.0	0.872457126047
161500000.0	161600000.0	0.89860009592
161750000.0	161850000.0	0.869337495082
161800000.0	161900000.0	0.891533147223
161850000.0	161950000.0	0.760921928746
161950000.0	162050000.0	0.87356785304
162050000.0	162150000.0	0.858689159183
162250000.0	162350000.0	0.883700375526
162400000.0	162500000.0	0.889915558174
162450000.0	162550000.0	0.740032719734
162600000.0	162700000.0	0.814808638195
162750000.0	162850000.0	0.773371035188
162850000.0	162950000.0	0.801474435925
162900000.0	163000000.0	0.836741397597
162950000.0	163050000.0	0.886553314687
163050000.0	163150000.0	0.79752731988
163100000.0	163200000.0	0.893143088789
163250000.0	163350000.0	0.803178136958
163300000.0	163400000.0	0.793493699876
163450000.0	163550000.0	0.880943975675
163500000.0	163600000.0	0.868402205008
163550000.0	163650000.0	0.785885833841
163600000.0	163700000.0	0.837755865435
163650000.0	163750000.0	0.877888458751
163700000.0	163800000.0	0.883384568927
163900000.0	164000000.0	0.712828696893
164000000.0	164100000.0	0.841255598044
164100000.0	164200000.0	0.815004009422
164150000.0	164250000.0	0.72738159132
164200000.0	164300000.0	0.83955605074
164250000.0	164350000.0	0.880878551185
164450000.0	164550000.0	0.792893123816
164550000.0	164650000.0	0.752931262707
164600000.0	164700000.0	0.877484006796
164650000.0	164750000.0	0.886611780629
164750000.0	164850000.0	0.62144918697
165000000.0	165100000.0	0.80660767226
165250000.0	165350000.0	0.75205603907
165450000.0	165550000.0	0.865436332906
165500000.0	165600000.0	0.765889775548
165550000.0	165650000.0	0.858844154557
165650000.0	165750000.0	0.894442778499
165750000.0	165850000.0	0.678468476564
165800000.0	165900000.0	0.782311599421
165850000.0	165950000.0	0.710324207406
165900000.0	166000000.0	0.793918446924
166000000.0	166100000.0	0.691916944672
166250000.0	166350000.0	0.896131193983
166300000.0	166400000.0	0.863279304618
166350000.0	166450000.0	0.879954815969
166400000.0	166500000.0	0.891052303955
166450000.0	166550000.0	0.786848071746
166500000.0	166600000.0	0.880818181791
166700000.0	166800000.0	0.895922189551
166750000.0	166850000.0	0.872601591171
166800000.0	166900000.0	0.857439095244
166950000.0	167050000.0	0.832798177358
167050000.0	167150000.0	0.854176843727
167100000.0	167200000.0	0.897659019197
167250000.0	167350000.0	0.861666801499
167300000.0	167400000.0	0.872791722685
167400000.0	167500000.0	0.894108070487
167450000.0	167550000.0	0.828540076783
167650000.0	167750000.0	0.725943284957
167700000.0	167800000.0	0.889079319071
167800000.0	167900000.0	0.899134534711
167900000.0	168000000.0	0.880316750189
168000000.0	168100000.0	0.870714642735
168050000.0	168150000.0	0.762777934636
168300000.0	168400000.0	0.796824590846
168400000.0	168500000.0	0.81950572293
168450000.0	168550000.0	0.800890682122
168500000.0	168600000.0	0.857983202214
168700000.0	168800000.0	0.752319535353
168800000.0	168900000.0	0.857065336506
168850000.0	168950000.0	0.721854820369
168950000.0	169050000.0	0.8420634889
169000000.0	169100000.0	0.786179465782
169050000.0	169150000.0	0.889489322345
169100000.0	169200000.0	0.73563007441
169250000.0	169350000.0	0.867065621062
169350000.0	169450000.0	0.761271759376
169400000.0	169500000.0	0.899552296086
169950000.0	170050000.0	0.848517030595
170150000.0	170250000.0	0.863400919771
170250000.0	170350000.0	0.849824014935
170300000.0	170400000.0	0.728654956322
170350000.0	170450000.0	0.838953408005
170500000.0	170600000.0	0.845055859622
170550000.0	170650000.0	0.841167590996
170600000.0	170700000.0	0.894765575529
170700000.0	170800000.0	0.649357060639
170750000.0	170850000.0	0.842754844374
170850000.0	170950000.0	0.862939030402
171050000.0	171150000.0	0.88733397671
171100000.0	171200000.0	0.682478680471
171250000.0	171350000.0	0.893786857618
171400000.0	171500000.0	0.845471656133
171450000.0	171550000.0	0.850033561797
171600000.0	171700000.0	0.757466842412
171800000.0	171900000.0	0.882434406113
171850000.0	171950000.0	0.879429272149
171950000.0	172050000.0	0.88470210592
172000000.0	172100000.0	0.839612326978
172600000.0	172700000.0	0.856927283593
172700000.0	172800000.0	0.767661557424
172750000.0	172850000.0	0.898968675535
172850000.0	172950000.0	0.758524739152
173050000.0	173150000.0	0.820477258637
173150000.0	173250000.0	0.795534983052
173250000.0	173350000.0	0.867632217014
173300000.0	173400000.0	0.881936545473
173350000.0	173450000.0	0.796364932408
173450000.0	173550000.0	0.660160811122
173500000.0	173600000.0	0.768042910137
173750000.0	173850000.0	0.544481440941
173900000.0	174000000.0	0.808284675091
174000000.0	174100000.0	0.822262002692
174050000.0	174150000.0	0.591589978751
174150000.0	174250000.0	0.830976709435
174250000.0	174350000.0	0.832427648709
174350000.0	174450000.0	0.85163584406
174400000.0	174500000.0	0.802240525278
174450000.0	174550000.0	0.833525665875
174500000.0	174600000.0	0.879420018224
174950000.0	175050000.0	0.879730037848
175000000.0	175100000.0	0.824331686942
175050000.0	175150000.0	0.796353469618
175100000.0	175200000.0	0.864838563122
175400000.0	175500000.0	0.826911034365
175600000.0	175700000.0	0.870241082718
175650000.0	175750000.0	0.894044658538
175700000.0	175800000.0	0.837288149076
175750000.0	175850000.0	0.68661643815
175800000.0	175900000.0	0.883096805575
176150000.0	176250000.0	0.840793607201
176350000.0	176450000.0	0.86422376719
176450000.0	176550000.0	0.744071665442
176500000.0	176600000.0	0.873297157867
177050000.0	177150000.0	0.885375246876
177350000.0	177450000.0	0.888463335032
177400000.0	177500000.0	0.829589437493
177500000.0	177600000.0	0.800503092035
177550000.0	177650000.0	0.771209589896
177650000.0	177750000.0	0.739932893353
177800000.0	177900000.0	0.881939622021
178050000.0	178150000.0	0.827361096155
178100000.0	178200000.0	0.74846480787
178200000.0	178300000.0	0.788393728148
178550000.0	178650000.0	0.652637859465
178750000.0	178850000.0	0.894162839803
178800000.0	178900000.0	0.894159844236
179650000.0	179750000.0	0.892690500667
179750000.0	179850000.0	0.875230221646
180000000.0	180100000.0	0.867743870126
180100000.0	180200000.0	0.833855268261
180150000.0	180250000.0	0.819702757463
180250000.0	180350000.0	0.887376502152
180450000.0	180550000.0	0.841885906858
180550000.0	180650000.0	0.866131785432
180950000.0	181050000.0	0.867180904816
181050000.0	181150000.0	0.896026037428
182000000.0	182100000.0	0.824290499683
182200000.0	182300000.0	0.756460225699
182550000.0	182650000.0	0.899865640122
182800000.0	182900000.0	0.884784994555
183900000.0	184000000.0	0.837277445594
184300000.0	184400000.0	0.759083055524
184650000.0	184750000.0	0.789911816271
185200000.0	185300000.0	0.895072279787
186050000.0	186150000.0	0.889226887138
186250000.0	186350000.0	0.849621581695
186500000.0	186600000.0	0.898674177999
186550000.0	186650000.0	0.875618171567
186850000.0	186950000.0	0.78003700846
186950000.0	187050000.0	0.830032806577
187000000.0	187100000.0	0.844265393554
187050000.0	187150000.0	0.8731306517
187100000.0	187200000.0	0.82170697257
187150000.0	187250000.0	0.849565472429
187350000.0	187450000.0	0.866780125142
187450000.0	187550000.0	0.786728311535
187550000.0	187650000.0	0.858976707083
187950000.0	188050000.0	0.865645832028
188050000.0	188150000.0	0.794083916096
188150000.0	188250000.0	0.896554312991
188250000.0	188350000.0	0.867258749217
188850000.0	188950000.0	0.865654995955
188950000.0	189050000.0	0.846950559349
189050000.0	189150000.0	0.800519402285
189150000.0	189250000.0	0.871835533465
189250000.0	189350000.0	0.712914669527
189500000.0	189600000.0	0.709692660951
190100000.0	190200000.0	0.804875886113
190200000.0	190300000.0	0.737090269148
190450000.0	190550000.0	0.834887017296
190500000.0	190600000.0	0.810044722758
191050000.0	191150000.0	0.617507933997
191100000.0	191200000.0	0.805927576216
191150000.0	191250000.0	0.810409674598
191700000.0	191800000.0	0.875289900764
191850000.0	191950000.0	0.886088515025
192000000.0	192100000.0	0.876925855192
192050000.0	192150000.0	0.862920553998
192100000.0	192200000.0	0.815566538468
192250000.0	192350000.0	0.703949828525
192400000.0	192500000.0	0.89739884951
192450000.0	192550000.0	0.860741662681
192650000.0	192750000.0	0.859758485278
192850000.0	192950000.0	0.881861960808
193250000.0	193350000.0	0.892740995371
193850000.0	193950000.0	0.883101938495
194000000.0	194100000.0	0.840959324196
194200000.0	194300000.0	0.891480797959
194450000.0	194550000.0	0.872798293957
194500000.0	194600000.0	0.869205113263
194800000.0	194900000.0	0.859442873404
194850000.0	194950000.0	0.860405966573
194900000.0	195000000.0	0.75107345296
195150000.0	195250000.0	0.724250470658
195200000.0	195300000.0	0.746283484975
195300000.0	195400000.0	0.673868235995
195350000.0	195450000.0	0.659527079948
195400000.0	195500000.0	0.88149961728
195600000.0	195700000.0	0.822069402793
195650000.0	195750000.0	0.686127037597
195700000.0	195800000.0	0.834996224293
196900000.0	197000000.0	0.820595650055
197250000.0	197350000.0	0.874043434069
197300000.0	197400000.0	0.706388212167
197350000.0	197450000.0	0.749161069085
197750000.0	197850000.0	0.889247219907
197800000.0	197900000.0	0.619346579828
197850000.0	197950000.0	0.29223432108
