start	end	avg.score
0.0	100000.0	0.761057288746
150000.0	250000.0	0.883757446022
650000.0	750000.0	0.865216254381
900000.0	1000000.0	0.89826184911
1350000.0	1450000.0	0.687991870814
1400000.0	1500000.0	0.300265919354
1450000.0	1550000.0	0.646010318774
1500000.0	1600000.0	0.810888802947
1750000.0	1850000.0	0.895538132273
1800000.0	1900000.0	0.841665732438
2100000.0	2200000.0	0.8438533693
2250000.0	2350000.0	0.841655335506
2300000.0	2400000.0	0.891958744058
2900000.0	3000000.0	0.823832964833
3300000.0	3400000.0	0.884699720699
3350000.0	3450000.0	0.88083579231
3400000.0	3500000.0	0.860501544346
3450000.0	3550000.0	0.883643867926
3500000.0	3600000.0	0.76086146048
3550000.0	3650000.0	0.89742463735
3650000.0	3750000.0	0.846209741039
3700000.0	3800000.0	0.721229151739
3750000.0	3850000.0	0.481492650325
3850000.0	3950000.0	0.528712947929
3900000.0	4000000.0	0.691405562346
3950000.0	4050000.0	0.636930490894
4000000.0	4100000.0	0.600571823845
4050000.0	4150000.0	0.595956125364
4100000.0	4200000.0	0.730268443916
4150000.0	4250000.0	0.877969170436
4800000.0	4900000.0	0.843268179766
4850000.0	4950000.0	0.621445464184
4900000.0	5000000.0	0.893015029709
4950000.0	5050000.0	0.878784899382
5100000.0	5200000.0	0.892076739792
5150000.0	5250000.0	0.871551222703
5200000.0	5300000.0	0.897982876193
5350000.0	5450000.0	0.743559845175
5400000.0	5500000.0	0.738081519088
5450000.0	5550000.0	0.790359705345
5500000.0	5600000.0	0.773488467919
5700000.0	5800000.0	0.755863147589
5750000.0	5850000.0	0.7875543441
5900000.0	6000000.0	0.870224224429
6300000.0	6400000.0	0.886882147994
6450000.0	6550000.0	0.703834276623
7400000.0	7500000.0	0.856115472794
7500000.0	7600000.0	0.89562469771
7550000.0	7650000.0	0.806744410985
8200000.0	8300000.0	0.678962253097
8500000.0	8600000.0	0.899358382178
8550000.0	8650000.0	0.761887902077
8600000.0	8700000.0	0.830107451499
8700000.0	8800000.0	0.855698619305
8750000.0	8850000.0	0.716752630056
8800000.0	8900000.0	0.747336905296
8900000.0	9000000.0	0.792446896005
8950000.0	9050000.0	0.648012269625
9000000.0	9100000.0	0.638616861592
9050000.0	9150000.0	0.649325995209
9100000.0	9200000.0	0.66950125317
9150000.0	9250000.0	0.459838019337
9200000.0	9300000.0	0.130404357287
9250000.0	9350000.0	0.02893538775
9300000.0	9400000.0	0.221018968118
9350000.0	9450000.0	0.557128708464
9400000.0	9500000.0	0.706092938745
9450000.0	9550000.0	0.702708514888
9500000.0	9600000.0	0.721956689625
9550000.0	9650000.0	0.749042517622
9600000.0	9700000.0	0.735202274494
9650000.0	9750000.0	0.790225436783
9700000.0	9800000.0	0.869302512526
9900000.0	10000000.0	0.887327363568
10000000.0	10100000.0	0.805189888623
10100000.0	10200000.0	0.697996333605
10150000.0	10250000.0	0.775792551636
10200000.0	10300000.0	0.83734172887
10250000.0	10350000.0	0.60348325897
10450000.0	10550000.0	0.868103379636
10700000.0	10800000.0	0.7611796689
10750000.0	10850000.0	0.853130266879
10800000.0	10900000.0	0.793182013122
11000000.0	11100000.0	0.74107989102
11050000.0	11150000.0	0.836983864066
11100000.0	11200000.0	0.876391487245
11150000.0	11250000.0	0.898723769703
11350000.0	11450000.0	0.866585429825
11400000.0	11500000.0	0.875313548942
11600000.0	11700000.0	0.837595406292
11700000.0	11800000.0	0.870283683787
11750000.0	11850000.0	0.865078791284
11900000.0	12000000.0	0.79392010689
12000000.0	12100000.0	0.883114911278
12050000.0	12150000.0	0.811700666003
12100000.0	12200000.0	0.894848001137
12200000.0	12300000.0	0.832915142765
12300000.0	12400000.0	0.547632550035
12350000.0	12450000.0	0.824668833657
12450000.0	12550000.0	0.820270592759
12550000.0	12650000.0	0.627423320889
12700000.0	12800000.0	0.889316287758
12850000.0	12950000.0	0.853827615189
12900000.0	13000000.0	0.89737881422
12950000.0	13050000.0	0.803608107361
13100000.0	13200000.0	0.669007339258
13250000.0	13350000.0	0.856579949911
13300000.0	13400000.0	0.883613947239
13350000.0	13450000.0	0.879529474598
13500000.0	13600000.0	0.426132339795
13600000.0	13700000.0	0.87219885061
13700000.0	13800000.0	0.891526970963
13750000.0	13850000.0	0.876403046244
13900000.0	14000000.0	0.709788138076
13950000.0	14050000.0	0.798533424929
14000000.0	14100000.0	0.862756063026
14100000.0	14200000.0	0.825485941643
14150000.0	14250000.0	0.827363789873
14250000.0	14350000.0	0.489981011656
14350000.0	14450000.0	0.859732210148
14400000.0	14500000.0	0.89484493284
14450000.0	14550000.0	0.895019342179
14500000.0	14600000.0	0.862743684869
14600000.0	14700000.0	0.781389361864
14650000.0	14750000.0	0.808181453457
14750000.0	14850000.0	0.857488044055
14850000.0	14950000.0	0.606257642892
14900000.0	15000000.0	0.829715941466
14950000.0	15050000.0	0.859341584728
15000000.0	15100000.0	0.733984021481
15050000.0	15150000.0	0.756126711173
15100000.0	15200000.0	0.823775721736
15150000.0	15250000.0	0.868536963278
15200000.0	15300000.0	0.880329895157
15300000.0	15400000.0	0.870727853718
15400000.0	15500000.0	0.574070929595
15450000.0	15550000.0	0.707146453033
15550000.0	15650000.0	0.756231551349
15600000.0	15700000.0	0.814705281299
15750000.0	15850000.0	0.874599149249
15800000.0	15900000.0	0.886424172695
15900000.0	16000000.0	0.813960639407
16200000.0	16300000.0	0.825105526803
16350000.0	16450000.0	0.896678918198
16400000.0	16500000.0	0.895882598361
16500000.0	16600000.0	0.771667883885
16550000.0	16650000.0	0.876186602959
16600000.0	16700000.0	0.853548143991
16700000.0	16800000.0	0.860207858795
16750000.0	16850000.0	0.855704144319
16850000.0	16950000.0	0.800407504724
16900000.0	17000000.0	0.894548043692
17150000.0	17250000.0	0.893348920872
17700000.0	17800000.0	0.886707472232
18050000.0	18150000.0	0.766673413567
18150000.0	18250000.0	0.874650964853
18200000.0	18300000.0	0.743280220671
18350000.0	18450000.0	0.785375509395
18400000.0	18500000.0	0.817396460649
18650000.0	18750000.0	0.870016886422
18850000.0	18950000.0	0.842054528279
19050000.0	19150000.0	0.877097612586
19700000.0	19800000.0	0.77999665251
19750000.0	19850000.0	0.875484923282
19800000.0	19900000.0	0.825028993671
19850000.0	19950000.0	0.843472316683
19900000.0	20000000.0	0.863404074777
20050000.0	20150000.0	0.82199317364
20250000.0	20350000.0	0.679876816248
20300000.0	20400000.0	0.883310516468
20400000.0	20500000.0	0.877898330436
20650000.0	20750000.0	0.880656888565
20700000.0	20800000.0	0.858677634639
21100000.0	21200000.0	0.892208220711
21150000.0	21250000.0	0.870617161579
21300000.0	21400000.0	0.894564855105
21450000.0	21550000.0	0.887876053157
21550000.0	21650000.0	0.892903673996
21850000.0	21950000.0	0.878103436975
22100000.0	22200000.0	0.831049010256
22250000.0	22350000.0	0.859128837334
22350000.0	22450000.0	0.895797859661
22800000.0	22900000.0	0.883489645651
23050000.0	23150000.0	0.80957714258
23200000.0	23300000.0	0.711466684866
23400000.0	23500000.0	0.801367662802
23550000.0	23650000.0	0.756899311731
23600000.0	23700000.0	0.839224121534
23650000.0	23750000.0	0.85007479119
23700000.0	23800000.0	0.830783072815
23950000.0	24050000.0	0.727536044662
24150000.0	24250000.0	0.704432589337
24250000.0	24350000.0	0.734643944489
24300000.0	24400000.0	0.884344999488
24450000.0	24550000.0	0.865552266857
24700000.0	24800000.0	0.897558060423
24900000.0	25000000.0	0.885950013989
24950000.0	25050000.0	0.878729459367
25000000.0	25100000.0	0.884313842931
25100000.0	25200000.0	0.886048044857
25150000.0	25250000.0	0.8945703077
25400000.0	25500000.0	0.682272334468
25450000.0	25550000.0	0.841227785258
26100000.0	26200000.0	0.854370195269
26150000.0	26250000.0	0.889981482919
26550000.0	26650000.0	0.895663225721
26600000.0	26700000.0	0.89854044941
26750000.0	26850000.0	0.734997148479
26900000.0	27000000.0	0.884447552487
27050000.0	27150000.0	0.896106257927
27350000.0	27450000.0	0.764914508276
27650000.0	27750000.0	0.728480460205
27850000.0	27950000.0	0.899190636567
27900000.0	28000000.0	0.562868677268
28050000.0	28150000.0	0.79055366392
28150000.0	28250000.0	0.882005243248
28200000.0	28300000.0	0.542885063636
28550000.0	28650000.0	0.853180384027
28600000.0	28700000.0	0.73768324987
28650000.0	28750000.0	0.637082985214
28800000.0	28900000.0	0.838590005823
29100000.0	29200000.0	0.797499847355
29150000.0	29250000.0	0.864121378029
29200000.0	29300000.0	0.804171719649
29300000.0	29400000.0	0.805384907992
29450000.0	29550000.0	0.689272660227
29500000.0	29600000.0	0.699759295044
29550000.0	29650000.0	0.845232725819
29650000.0	29750000.0	0.875656212322
29750000.0	29850000.0	0.898332301188
30000000.0	30100000.0	0.811258061922
30400000.0	30500000.0	0.817730729797
30500000.0	30600000.0	0.823962822133
30700000.0	30800000.0	0.847610404585
30800000.0	30900000.0	0.271051801531
30850000.0	30950000.0	0.761810793738
31000000.0	31100000.0	0.548919159176
31450000.0	31550000.0	0.868146813143
31550000.0	31650000.0	0.805217738895
31600000.0	31700000.0	0.742011870253
31650000.0	31750000.0	0.89304957027
31750000.0	31850000.0	0.820173442983
31800000.0	31900000.0	0.823413551223
31850000.0	31950000.0	0.669413943379
31900000.0	32000000.0	0.831595202119
31950000.0	32050000.0	0.85465205218
32000000.0	32100000.0	0.875335727466
32250000.0	32350000.0	0.747670787737
32350000.0	32450000.0	0.820050244423
32450000.0	32550000.0	0.719490835374
32500000.0	32600000.0	0.860128924447
32550000.0	32650000.0	0.890236502867
32600000.0	32700000.0	0.693277056133
32750000.0	32850000.0	0.3129499997
32800000.0	32900000.0	0.807471135734
32850000.0	32950000.0	0.873752832264
32950000.0	33050000.0	0.898030416193
33050000.0	33150000.0	0.769359174392
33100000.0	33200000.0	0.894434174402
33300000.0	33400000.0	0.895877630083
33350000.0	33450000.0	0.892046027814
33600000.0	33700000.0	0.789504732868
33800000.0	33900000.0	0.79818652302
33900000.0	34000000.0	0.545107065008
34600000.0	34700000.0	0.852752186161
34750000.0	34850000.0	0.690132617531
34900000.0	35000000.0	0.7537831827
34950000.0	35050000.0	0.759198609738
35000000.0	35100000.0	0.795540008256
35350000.0	35450000.0	0.858949321184
35500000.0	35600000.0	0.614336504694
35550000.0	35650000.0	0.831723753809
35600000.0	35700000.0	0.851224900966
35750000.0	35850000.0	0.797187663623
35950000.0	36050000.0	0.899253295402
36100000.0	36200000.0	0.880735109227
36150000.0	36250000.0	0.858911330563
36250000.0	36350000.0	0.845461520395
36350000.0	36450000.0	0.768954128992
36400000.0	36500000.0	0.865803687601
36500000.0	36600000.0	0.864279833442
37150000.0	37250000.0	0.868140114258
37300000.0	37400000.0	0.8368570634
37400000.0	37500000.0	0.89872987831
37450000.0	37550000.0	0.872346186704
37650000.0	37750000.0	0.856163296406
37750000.0	37850000.0	0.82087021296
37800000.0	37900000.0	0.894924764129
37950000.0	38050000.0	0.804352756566
38050000.0	38150000.0	0.879687402321
38350000.0	38450000.0	0.852270199002
38400000.0	38500000.0	0.869133465686
38600000.0	38700000.0	0.889788440483
38750000.0	38850000.0	0.890287889261
38950000.0	39050000.0	0.893484699884
41200000.0	41300000.0	0.837959532143
41650000.0	41750000.0	0.699203465992
41750000.0	41850000.0	0.648258604607
42000000.0	42100000.0	0.886025137763
42150000.0	42250000.0	0.890392233119
42850000.0	42950000.0	0.837105953905
42950000.0	43050000.0	0.761381472222
43200000.0	43300000.0	0.836272707482
43250000.0	43350000.0	0.842427382714
43300000.0	43400000.0	0.850011821162
43400000.0	43500000.0	0.880408908416
43600000.0	43700000.0	0.883961857277
43650000.0	43750000.0	0.837020264124
43700000.0	43800000.0	0.75739864598
43750000.0	43850000.0	0.87540556377
43850000.0	43950000.0	0.876505605575
44000000.0	44100000.0	0.854573406676
44150000.0	44250000.0	0.791799777786
44200000.0	44300000.0	0.882515144018
44250000.0	44350000.0	0.876148171559
44400000.0	44500000.0	0.896850668923
44450000.0	44550000.0	0.845970047493
44650000.0	44750000.0	0.860808206656
44700000.0	44800000.0	0.815227940428
44800000.0	44900000.0	0.814663230986
44850000.0	44950000.0	0.871335052295
44950000.0	45050000.0	0.882825064529
45550000.0	45650000.0	0.894703688768
45600000.0	45700000.0	0.847564293903
45800000.0	45900000.0	0.890452737924
45850000.0	45950000.0	0.8193835117
46100000.0	46200000.0	0.786467102868
46250000.0	46350000.0	0.635074941671
46400000.0	46500000.0	0.883983070899
46500000.0	46600000.0	0.851808374349
46550000.0	46650000.0	0.778213600315
46600000.0	46700000.0	0.820834181192
46650000.0	46750000.0	0.804384533595
46950000.0	47050000.0	0.566473469943
47100000.0	47200000.0	0.856755938262
47150000.0	47250000.0	0.766379207471
47200000.0	47300000.0	0.862408746475
48150000.0	48250000.0	0.872313614435
48450000.0	48550000.0	0.791305326351
48500000.0	48600000.0	0.82297738238
48600000.0	48700000.0	0.838624631302
48650000.0	48750000.0	0.837226136442
48700000.0	48800000.0	0.878102687799
48850000.0	48950000.0	0.876592298431
48900000.0	49000000.0	0.888224716082
49000000.0	49100000.0	0.793742464111
49050000.0	49150000.0	0.702830314671
49100000.0	49200000.0	0.589665915974
49150000.0	49250000.0	0.552830155576
49200000.0	49300000.0	0.436366015486
49250000.0	49350000.0	0.280085416119
49300000.0	49400000.0	0.12726688602
49350000.0	49450000.0	0.0
49400000.0	49500000.0	0.036450095332
49450000.0	49550000.0	0.236275310906
49500000.0	49600000.0	0.422409547303
49550000.0	49650000.0	0.508624229459
49600000.0	49700000.0	0.380134038063
49650000.0	49750000.0	0.092978307303
49700000.0	49800000.0	0.0
49750000.0	49850000.0	0.0
49800000.0	49900000.0	0.0
49850000.0	49950000.0	0.0
49900000.0	50000000.0	0.0
49950000.0	50050000.0	0.0
50000000.0	50100000.0	0.0
50050000.0	50150000.0	0.0
50100000.0	50200000.0	0.0
50150000.0	50250000.0	0.0
50200000.0	50300000.0	0.0
50250000.0	50350000.0	0.0
50300000.0	50400000.0	0.0
50350000.0	50450000.0	0.0
50400000.0	50500000.0	0.0
50450000.0	50550000.0	0.0
50500000.0	50600000.0	0.0
50550000.0	50650000.0	0.0
50600000.0	50700000.0	0.0
50650000.0	50750000.0	0.0
50700000.0	50800000.0	0.0
50750000.0	50850000.0	0.0
50800000.0	50900000.0	0.0
50850000.0	50950000.0	0.0
50900000.0	51000000.0	0.0
50950000.0	51050000.0	0.0
51000000.0	51100000.0	0.0
51050000.0	51150000.0	0.0
51100000.0	51200000.0	0.0
51150000.0	51250000.0	0.0
51200000.0	51300000.0	0.0
51250000.0	51350000.0	0.0
51300000.0	51400000.0	0.0
51350000.0	51450000.0	0.0
51400000.0	51500000.0	0.0
51450000.0	51550000.0	0.0
51500000.0	51600000.0	0.0
51550000.0	51650000.0	0.0
51600000.0	51700000.0	0.0
51650000.0	51750000.0	0.0
51700000.0	51800000.0	0.0
51750000.0	51850000.0	0.0
51800000.0	51900000.0	0.0
51850000.0	51950000.0	0.0
51900000.0	52000000.0	0.0
51950000.0	52050000.0	0.0
52000000.0	52100000.0	0.0
52050000.0	52150000.0	0.0
52100000.0	52200000.0	0.0
52150000.0	52250000.0	0.0
52200000.0	52300000.0	0.0
52250000.0	52350000.0	0.0
52300000.0	52400000.0	0.0
52350000.0	52450000.0	0.0
52400000.0	52500000.0	0.0
52450000.0	52550000.0	0.0
52500000.0	52600000.0	0.0
52550000.0	52650000.0	0.0
52600000.0	52700000.0	0.21120950102
52650000.0	52750000.0	0.707238518249
52750000.0	52850000.0	0.42030085155
52800000.0	52900000.0	0.88644755733
53000000.0	53100000.0	0.864230648631
53050000.0	53150000.0	0.808052002212
53100000.0	53200000.0	0.876662934295
53250000.0	53350000.0	0.846485612606
53300000.0	53400000.0	0.808915316039
53350000.0	53450000.0	0.809675045797
53450000.0	53550000.0	0.766441228134
53600000.0	53700000.0	0.891711376581
53750000.0	53850000.0	0.883816225493
54000000.0	54100000.0	0.882453447528
54050000.0	54150000.0	0.690866783075
54100000.0	54200000.0	0.814817078461
54150000.0	54250000.0	0.880398238566
54250000.0	54350000.0	0.875194222623
54400000.0	54500000.0	0.821511050156
54450000.0	54550000.0	0.818706403716
54550000.0	54650000.0	0.89034370741
54600000.0	54700000.0	0.892135806359
54650000.0	54750000.0	0.771073385353
55000000.0	55100000.0	0.880792875088
55050000.0	55150000.0	0.88328318437
55300000.0	55400000.0	0.785542143686
55550000.0	55650000.0	0.652409939135
55600000.0	55700000.0	0.743279487051
55650000.0	55750000.0	0.881983200105
55700000.0	55800000.0	0.674641631847
55850000.0	55950000.0	0.881995737462
55900000.0	56000000.0	0.853245112421
56000000.0	56100000.0	0.71826130383
56050000.0	56150000.0	0.882377547006
56300000.0	56400000.0	0.882160723774
56350000.0	56450000.0	0.869478665317
56400000.0	56500000.0	0.870280759969
56500000.0	56600000.0	0.846606573055
56550000.0	56650000.0	0.856564731521
56750000.0	56850000.0	0.88499870559
57000000.0	57100000.0	0.859324692833
57100000.0	57200000.0	0.810187162685
57150000.0	57250000.0	0.896080440296
57550000.0	57650000.0	0.856482018578
57900000.0	58000000.0	0.878593243859
57950000.0	58050000.0	0.760622014167
58050000.0	58150000.0	0.86952350054
58150000.0	58250000.0	0.855103599854
58300000.0	58400000.0	0.623253796727
58350000.0	58450000.0	0.827986361808
58400000.0	58500000.0	0.866596099165
58450000.0	58550000.0	0.721038399027
58500000.0	58600000.0	0.861542226247
58600000.0	58700000.0	0.837262891308
58700000.0	58800000.0	0.700477480306
58750000.0	58850000.0	0.868973265597
58800000.0	58900000.0	0.87772178946
58850000.0	58950000.0	0.860796887676
58900000.0	59000000.0	0.789628247453
59000000.0	59100000.0	0.826671609719
59100000.0	59200000.0	0.888608762662
59150000.0	59250000.0	0.880419431358
59350000.0	59450000.0	0.884164606492
59500000.0	59600000.0	0.897357342768
59550000.0	59650000.0	0.897377510627
59650000.0	59750000.0	0.686172112739
59700000.0	59800000.0	0.333709651826
59750000.0	59850000.0	0.538171760169
59900000.0	60000000.0	0.505157593241
60000000.0	60100000.0	0.803982359
60150000.0	60250000.0	0.868532322959
60250000.0	60350000.0	0.896202859436
60300000.0	60400000.0	0.77315085386
60400000.0	60500000.0	0.867764011212
60600000.0	60700000.0	0.589566037979
60800000.0	60900000.0	0.813190265852
60900000.0	61000000.0	0.871397046782
61350000.0	61450000.0	0.869871370685
61400000.0	61500000.0	0.585751943164
61550000.0	61650000.0	0.862273748979
61650000.0	61750000.0	0.594009131688
62200000.0	62300000.0	0.898210131365
62450000.0	62550000.0	0.742060898135
62500000.0	62600000.0	0.88310579774
62550000.0	62650000.0	0.76233461363
62600000.0	62700000.0	0.803924989505
62750000.0	62850000.0	0.891493996915
62800000.0	62900000.0	0.872455695661
62900000.0	63000000.0	0.850533637709
63000000.0	63100000.0	0.89209211741
63400000.0	63500000.0	0.678309565395
63550000.0	63650000.0	0.872555823386
63650000.0	63750000.0	0.821460020226
63850000.0	63950000.0	0.861113959897
63950000.0	64050000.0	0.812765719934
64000000.0	64100000.0	0.845333529002
64150000.0	64250000.0	0.801574288055
64300000.0	64400000.0	0.85197156481
64350000.0	64450000.0	0.69230962071
64550000.0	64650000.0	0.763829405441
64650000.0	64750000.0	0.787556495772
64700000.0	64800000.0	0.867925543386
64750000.0	64850000.0	0.827937163497
64800000.0	64900000.0	0.869529134399
64950000.0	65050000.0	0.786953043691
65250000.0	65350000.0	0.670276790614
65400000.0	65500000.0	0.772092654613
65450000.0	65550000.0	0.8302035739
65650000.0	65750000.0	0.854126609252
65700000.0	65800000.0	0.88784045674
65750000.0	65850000.0	0.842662021302
65850000.0	65950000.0	0.827304921067
65950000.0	66050000.0	0.654999348755
66000000.0	66100000.0	0.7807792756
66050000.0	66150000.0	0.822550933798
66100000.0	66200000.0	0.711935586947
66200000.0	66300000.0	0.867254976922
66300000.0	66400000.0	0.821526585235
66450000.0	66550000.0	0.880878807584
66550000.0	66650000.0	0.870255948629
66600000.0	66700000.0	0.638189855113
66650000.0	66750000.0	0.867523747003
67000000.0	67100000.0	0.637313821288
67050000.0	67150000.0	0.73153448348
67100000.0	67200000.0	0.867245997106
67150000.0	67250000.0	0.805941355554
67350000.0	67450000.0	0.844933353419
67450000.0	67550000.0	0.325837867784
67500000.0	67600000.0	0.811074296421
67550000.0	67650000.0	0.861839056076
67700000.0	67800000.0	0.763083147174
67750000.0	67850000.0	0.898242061253
67800000.0	67900000.0	0.831643642504
67900000.0	68000000.0	0.852993770387
67950000.0	68050000.0	0.833566474935
68000000.0	68100000.0	0.861331814224
68100000.0	68200000.0	0.738358655984
68200000.0	68300000.0	0.845235672834
68400000.0	68500000.0	0.839570708834
68750000.0	68850000.0	0.891726298335
68800000.0	68900000.0	0.885006730661
69000000.0	69100000.0	0.844845189153
69050000.0	69150000.0	0.810857245453
69200000.0	69300000.0	0.730396922506
69300000.0	69400000.0	0.879325376928
69350000.0	69450000.0	0.855399957271
69450000.0	69550000.0	0.876035171164
69600000.0	69700000.0	0.832769662902
70000000.0	70100000.0	0.872573371871
70050000.0	70150000.0	0.819893311565
70100000.0	70200000.0	0.828065056871
70150000.0	70250000.0	0.85091671017
70200000.0	70300000.0	0.820709313196
70250000.0	70350000.0	0.888314194164
70450000.0	70550000.0	0.872826952763
70500000.0	70600000.0	0.696565002053
70650000.0	70750000.0	0.88054749124
70750000.0	70850000.0	0.579467373627
70800000.0	70900000.0	0.844697965414
71000000.0	71100000.0	0.868802930799
71100000.0	71200000.0	0.842634114951
71150000.0	71250000.0	0.869638891722
71200000.0	71300000.0	0.73431056846
71450000.0	71550000.0	0.896590782184
71850000.0	71950000.0	0.850407340618
71900000.0	72000000.0	0.840710801963
71950000.0	72050000.0	0.827789312894
72000000.0	72100000.0	0.878364835873
72100000.0	72200000.0	0.694060787666
72700000.0	72800000.0	0.777680977761
72750000.0	72850000.0	0.890634483171
72800000.0	72900000.0	0.817386684794
72950000.0	73050000.0	0.861504183589
73000000.0	73100000.0	0.876567493417
73050000.0	73150000.0	0.832151509451
73200000.0	73300000.0	0.685413004803
73300000.0	73400000.0	0.897998119271
73350000.0	73450000.0	0.761492011832
73400000.0	73500000.0	0.888658403365
73450000.0	73550000.0	0.881846271086
73650000.0	73750000.0	0.841711439916
73850000.0	73950000.0	0.870626298723
74000000.0	74100000.0	0.786334586464
74100000.0	74200000.0	0.895033108125
74150000.0	74250000.0	0.899935116
74750000.0	74850000.0	0.779708802116
74850000.0	74950000.0	0.889204704424
75000000.0	75100000.0	0.893614095541
75200000.0	75300000.0	0.838929202813
75250000.0	75350000.0	0.771645751577
75300000.0	75400000.0	0.87965268084
75350000.0	75450000.0	0.54735576421
75400000.0	75500000.0	0.359411856048
75450000.0	75550000.0	0.751869795564
75550000.0	75650000.0	0.652772372189
75600000.0	75700000.0	0.595281432088
75700000.0	75800000.0	0.877953124608
75800000.0	75900000.0	0.821615083387
75950000.0	76050000.0	0.833990841957
76050000.0	76150000.0	0.874645688019
76100000.0	76200000.0	0.803863387825
76150000.0	76250000.0	0.875262775485
76250000.0	76350000.0	0.813022777382
76300000.0	76400000.0	0.829075598546
76350000.0	76450000.0	0.880090083846
76450000.0	76550000.0	0.899849535752
76700000.0	76800000.0	0.896368008214
77100000.0	77200000.0	0.690261619046
77350000.0	77450000.0	0.862664669532
77700000.0	77800000.0	0.873201571853
78150000.0	78250000.0	0.7398584974
78250000.0	78350000.0	0.879485804468
78300000.0	78400000.0	0.833442366415
78350000.0	78450000.0	0.67181735143
78400000.0	78500000.0	0.864516725864
78550000.0	78650000.0	0.791757424102
78950000.0	79050000.0	0.720282183965
79000000.0	79100000.0	0.795305908811
79150000.0	79250000.0	0.872620312274
79200000.0	79300000.0	0.827139775387
79350000.0	79450000.0	0.871604714919
79400000.0	79500000.0	0.858470645827
79550000.0	79650000.0	0.881266612478
79850000.0	79950000.0	0.804833853635
79950000.0	80050000.0	0.868910122757
80000000.0	80100000.0	0.801966674655
80050000.0	80150000.0	0.852158089438
80100000.0	80200000.0	0.894899647757
80300000.0	80400000.0	0.457096086871
80400000.0	80500000.0	0.897014993176
80450000.0	80550000.0	0.867160001058
80550000.0	80650000.0	0.849478236794
80600000.0	80700000.0	0.803818953044
80800000.0	80900000.0	0.768461464806
80850000.0	80950000.0	0.806881499623
80950000.0	81050000.0	0.614726406444
81050000.0	81150000.0	0.869493909544
81150000.0	81250000.0	0.811683827226
81250000.0	81350000.0	0.881130090962
81400000.0	81500000.0	0.897412991432
81500000.0	81600000.0	0.860644233708
81550000.0	81650000.0	0.885050023157
81600000.0	81700000.0	0.881258379398
81700000.0	81800000.0	0.896267995811
81750000.0	81850000.0	0.860161628463
81850000.0	81950000.0	0.827662665959
81900000.0	82000000.0	0.823525413792
81950000.0	82050000.0	0.825055917545
82250000.0	82350000.0	0.822795278376
82600000.0	82700000.0	0.820180320322
82800000.0	82900000.0	0.833188291911
82850000.0	82950000.0	0.884511609954
82900000.0	83000000.0	0.856672945841
82950000.0	83050000.0	0.633550501581
83150000.0	83250000.0	0.850776673845
84200000.0	84300000.0	0.893292412374
84250000.0	84350000.0	0.895636171374
84300000.0	84400000.0	0.887615683553
84700000.0	84800000.0	0.719895671414
84850000.0	84950000.0	0.870685894312
84900000.0	85000000.0	0.816300410239
85000000.0	85100000.0	0.882609722706
85250000.0	85350000.0	0.878264948533
85300000.0	85400000.0	0.815330185993
85350000.0	85450000.0	0.767496170624
85800000.0	85900000.0	0.840277460415
86000000.0	86100000.0	0.873877829596
86100000.0	86200000.0	0.86544609613
86150000.0	86250000.0	0.884962661006
86450000.0	86550000.0	0.828739615988
86500000.0	86600000.0	0.864221718997
86550000.0	86650000.0	0.808520494513
86700000.0	86800000.0	0.79330729699
86750000.0	86850000.0	0.878280388647
86900000.0	87000000.0	0.891201451054
86950000.0	87050000.0	0.878994365169
87000000.0	87100000.0	0.852706659468
87050000.0	87150000.0	0.816215721826
87100000.0	87200000.0	0.879347943497
87200000.0	87300000.0	0.888610474025
87250000.0	87350000.0	0.899583261045
87450000.0	87550000.0	0.883584640219
87500000.0	87600000.0	0.827367799385
88050000.0	88150000.0	0.885763006428
88200000.0	88300000.0	0.875532355546
88450000.0	88550000.0	0.857787768879
88600000.0	88700000.0	0.865116138511
88650000.0	88750000.0	0.814277639329
88700000.0	88800000.0	0.794831698527
88800000.0	88900000.0	0.899282245896
88950000.0	89050000.0	0.853487457582
89150000.0	89250000.0	0.796858708757
89650000.0	89750000.0	0.888074831713
89750000.0	89850000.0	0.872728552536
89800000.0	89900000.0	0.863906996694
89850000.0	89950000.0	0.835449650904
90250000.0	90350000.0	0.776968490091
90550000.0	90650000.0	0.858179870088
90800000.0	90900000.0	0.784101023507
91000000.0	91100000.0	0.896280952689
91050000.0	91150000.0	0.824579924098
91100000.0	91200000.0	0.70278903845
91200000.0	91300000.0	0.778462326655
91250000.0	91350000.0	0.745031494909
91350000.0	91450000.0	0.861122345725
91500000.0	91600000.0	0.874992066857
91550000.0	91650000.0	0.896213729631
91800000.0	91900000.0	0.645076873985
91900000.0	92000000.0	0.789457100345
91950000.0	92050000.0	0.805172315579
92050000.0	92150000.0	0.874334381729
92200000.0	92300000.0	0.48898773672
92250000.0	92350000.0	0.836963452177
92300000.0	92400000.0	0.898523657275
92350000.0	92450000.0	0.88466192927
92500000.0	92600000.0	0.792745365888
92600000.0	92700000.0	0.808053483941
92650000.0	92750000.0	0.804091986764
92700000.0	92800000.0	0.835273963847
92750000.0	92850000.0	0.660083377483
92800000.0	92900000.0	0.868962065739
92850000.0	92950000.0	0.89662152502
93100000.0	93200000.0	0.890957399058
93150000.0	93250000.0	0.735282970906
93250000.0	93350000.0	0.52081708455
93300000.0	93400000.0	0.706361760157
93400000.0	93500000.0	0.407108818423
93550000.0	93650000.0	0.547099724608
93800000.0	93900000.0	0.834166184833
93850000.0	93950000.0	0.886095657801
93950000.0	94050000.0	0.892063295456
94050000.0	94150000.0	0.875579829952
94200000.0	94300000.0	0.8579378131
94450000.0	94550000.0	0.831088417885
94500000.0	94600000.0	0.704247330423
94550000.0	94650000.0	0.823467248969
94900000.0	95000000.0	0.886759767999
94950000.0	95050000.0	0.899014149593
95000000.0	95100000.0	0.842872218033
95150000.0	95250000.0	0.768147000086
95200000.0	95300000.0	0.869463694641
95350000.0	95450000.0	0.880645348782
95450000.0	95550000.0	0.86755980895
95700000.0	95800000.0	0.899484235944
95750000.0	95850000.0	0.873808393198
95850000.0	95950000.0	0.843548540778
96000000.0	96100000.0	0.891871810901
96050000.0	96150000.0	0.865585014308
96100000.0	96200000.0	0.864291139289
96350000.0	96450000.0	0.821510755112
96550000.0	96650000.0	0.859142419866
96650000.0	96750000.0	0.897933774774
96700000.0	96800000.0	0.877054156002
96800000.0	96900000.0	0.58600992431
96900000.0	97000000.0	0.830796602059
97100000.0	97200000.0	0.880755036203
97150000.0	97250000.0	0.569123278592
97200000.0	97300000.0	0.882407109352
97250000.0	97350000.0	0.859144430728
97300000.0	97400000.0	0.895375230719
97350000.0	97450000.0	0.688694794801
97400000.0	97500000.0	0.789652403966
97600000.0	97700000.0	0.887406294818
97650000.0	97750000.0	0.823849585586
97700000.0	97800000.0	0.773672712833
97750000.0	97850000.0	0.787591956064
97800000.0	97900000.0	0.752122771789
98000000.0	98100000.0	0.797847753203
98050000.0	98150000.0	0.899543287338
98150000.0	98250000.0	0.862864400048
98250000.0	98350000.0	0.867266438713
98400000.0	98500000.0	0.894351486249
98500000.0	98600000.0	0.775553298227
98550000.0	98650000.0	0.875453322898
98650000.0	98750000.0	0.85000952826
99300000.0	99400000.0	0.629670693911
99500000.0	99600000.0	0.8179514078
99600000.0	99700000.0	0.793916708059
99650000.0	99750000.0	0.860867331364
99950000.0	100050000.0	0.820422282391
100000000.0	100100000.0	0.888973518385
100050000.0	100150000.0	0.823661991608
100250000.0	100350000.0	0.861586901635
100300000.0	100400000.0	0.843098831662
100350000.0	100450000.0	0.830563721098
100550000.0	100650000.0	0.668441361663
100900000.0	101000000.0	0.864910622954
101000000.0	101100000.0	0.88208924271
101100000.0	101200000.0	0.821985183161
101200000.0	101300000.0	0.833987254232
101400000.0	101500000.0	0.80479874552
101500000.0	101600000.0	0.750233055339
101550000.0	101650000.0	0.727180498971
101800000.0	101900000.0	0.816434417449
101900000.0	102000000.0	0.857465973653
102100000.0	102200000.0	0.741788403614
102200000.0	102300000.0	0.834718236063
102250000.0	102350000.0	0.874405153184
102350000.0	102450000.0	0.847543077778
102400000.0	102500000.0	0.834425184134
102900000.0	103000000.0	0.865748266283
103050000.0	103150000.0	0.890392851705
103100000.0	103200000.0	0.857234249317
103500000.0	103600000.0	0.756461767732
103550000.0	103650000.0	0.672049122065
103600000.0	103700000.0	0.835577902417
103750000.0	103850000.0	0.800069780233
103800000.0	103900000.0	0.731487481331
103850000.0	103950000.0	0.861023384597
104100000.0	104200000.0	0.836121721078
104150000.0	104250000.0	0.883846661455
104400000.0	104500000.0	0.864110087728
104450000.0	104550000.0	0.866116278638
104500000.0	104600000.0	0.878197594571
104550000.0	104650000.0	0.877696819268
104600000.0	104700000.0	0.838098465158
104700000.0	104800000.0	0.795791523234
104900000.0	105000000.0	0.788360448589
105200000.0	105300000.0	0.591184664487
105250000.0	105350000.0	0.894389123867
105350000.0	105450000.0	0.850233222763
105400000.0	105500000.0	0.62530161402
105550000.0	105650000.0	0.599724524204
105600000.0	105700000.0	0.853745651759
105650000.0	105750000.0	0.870315513175
105700000.0	105800000.0	0.807903895567
105900000.0	106000000.0	0.806638815739
106200000.0	106300000.0	0.877110475104
106350000.0	106450000.0	0.860991268489
106600000.0	106700000.0	0.884773046832
106750000.0	106850000.0	0.891005523816
107200000.0	107300000.0	0.884783031053
107250000.0	107350000.0	0.861891590742
107300000.0	107400000.0	0.784933824337
107400000.0	107500000.0	0.760065924725
107450000.0	107550000.0	0.825332964845
107500000.0	107600000.0	0.873041648738
107550000.0	107650000.0	0.810710387588
107650000.0	107750000.0	0.87353671073
107800000.0	107900000.0	0.853839694984
107850000.0	107950000.0	0.856930811275
107950000.0	108050000.0	0.779170755732
108050000.0	108150000.0	0.872607351514
108100000.0	108200000.0	0.705760152249
108200000.0	108300000.0	0.853956366079
108350000.0	108450000.0	0.864894100625
108450000.0	108550000.0	0.807629250129
108700000.0	108800000.0	0.708651937251
108750000.0	108850000.0	0.829074087484
108850000.0	108950000.0	0.873189094962
108950000.0	109050000.0	0.89181941989
109000000.0	109100000.0	0.817923699249
109150000.0	109250000.0	0.881263813738
109200000.0	109300000.0	0.794072500402
109250000.0	109350000.0	0.830543696961
109300000.0	109400000.0	0.871275034818
109350000.0	109450000.0	0.896573439828
110100000.0	110200000.0	0.548759838649
110750000.0	110850000.0	0.893292515684
110800000.0	110900000.0	0.895932859053
110950000.0	111050000.0	0.832257486126
111250000.0	111350000.0	0.835041217696
111300000.0	111400000.0	0.864452662556
111550000.0	111650000.0	0.727493556758
111600000.0	111700000.0	0.809721694607
111700000.0	111800000.0	0.874247753845
111850000.0	111950000.0	0.84884183315
111900000.0	112000000.0	0.808058180389
111950000.0	112050000.0	0.78757898254
112050000.0	112150000.0	0.899682286241
112100000.0	112200000.0	0.834327304159
112150000.0	112250000.0	0.77991517533
112200000.0	112300000.0	0.884931060587
112250000.0	112350000.0	0.796937120377
112300000.0	112400000.0	0.878660705936
112350000.0	112450000.0	0.860405754446
112400000.0	112500000.0	0.898830872431
112500000.0	112600000.0	0.804830568738
112550000.0	112650000.0	0.841264954225
112600000.0	112700000.0	0.628930378011
112700000.0	112800000.0	0.744776147746
112750000.0	112850000.0	0.811910503198
112800000.0	112900000.0	0.746947824894
112850000.0	112950000.0	0.79319837612
112900000.0	113000000.0	0.79510752346
112950000.0	113050000.0	0.738097532405
113000000.0	113100000.0	0.855797133211
113250000.0	113350000.0	0.825052569746
113300000.0	113400000.0	0.867110899591
113350000.0	113450000.0	0.672251806747
113950000.0	114050000.0	0.636610185839
114050000.0	114150000.0	0.643568923605
114200000.0	114300000.0	0.805348808981
114250000.0	114350000.0	0.898183511356
114300000.0	114400000.0	0.739935032123
114400000.0	114500000.0	0.899052833775
114450000.0	114550000.0	0.860186692994
114700000.0	114800000.0	0.887703709772
114750000.0	114850000.0	0.831414712224
114900000.0	115000000.0	0.885256001324
114950000.0	115050000.0	0.842697772712
115200000.0	115300000.0	0.894655242337
115300000.0	115400000.0	0.750659877256
115500000.0	115600000.0	0.891624077512
115800000.0	115900000.0	0.852189161117
115950000.0	116050000.0	0.675017669725
116050000.0	116150000.0	0.762256194203
116450000.0	116550000.0	0.823167762535
116700000.0	116800000.0	0.738096596593
116850000.0	116950000.0	0.876419036517
116950000.0	117050000.0	0.712593961254
117050000.0	117150000.0	0.729511255199
117300000.0	117400000.0	0.881940937447
117450000.0	117550000.0	0.713877085552
117550000.0	117650000.0	0.692310596659
117650000.0	117750000.0	0.796623032306
117850000.0	117950000.0	0.480050474171
118000000.0	118100000.0	0.807542784583
118150000.0	118250000.0	0.715814642481
118300000.0	118400000.0	0.315820374757
118350000.0	118450000.0	0.807205438239
118400000.0	118500000.0	0.871431941272
118500000.0	118600000.0	0.852879051405
118550000.0	118650000.0	0.848577067252
118650000.0	118750000.0	0.885784474196
118700000.0	118800000.0	0.867679520185
118800000.0	118900000.0	0.840402039557
118900000.0	119000000.0	0.873806989946
118950000.0	119050000.0	0.730124129244
119000000.0	119100000.0	0.893787551344
119050000.0	119150000.0	0.797707130171
119200000.0	119300000.0	0.80488728759
119250000.0	119350000.0	0.873008099796
119300000.0	119400000.0	0.570505549908
119350000.0	119450000.0	0.559974045228
119400000.0	119500000.0	0.652529664255
119450000.0	119550000.0	0.544246953061
119500000.0	119600000.0	0.380664205143
119550000.0	119650000.0	0.690271437771
119850000.0	119950000.0	0.836177060337
119900000.0	120000000.0	0.771456674439
119950000.0	120050000.0	0.67469241699
120100000.0	120200000.0	0.830256609158
120150000.0	120250000.0	0.713087232309
120200000.0	120300000.0	0.832823774547
120250000.0	120350000.0	0.575333535455
120300000.0	120400000.0	0.51288707269
120350000.0	120450000.0	0.773151245982
120400000.0	120500000.0	0.898180604336
120450000.0	120550000.0	0.871330002633
120550000.0	120650000.0	0.5308496921
120650000.0	120750000.0	0.874639996212
120750000.0	120850000.0	0.876905335535
120800000.0	120900000.0	0.895662814918
120850000.0	120950000.0	0.841217056243
120900000.0	121000000.0	0.867979808879
121150000.0	121250000.0	0.789453087571
121250000.0	121350000.0	0.823906846185
121500000.0	121600000.0	0.856631803315
121550000.0	121650000.0	0.839742646122
121650000.0	121750000.0	0.800917051743
121700000.0	121800000.0	0.836054063381
121750000.0	121850000.0	0.670244439312
121950000.0	122050000.0	0.82573990528
122300000.0	122400000.0	0.860211248718
122450000.0	122550000.0	0.850894448636
122500000.0	122600000.0	0.841754347205
122750000.0	122850000.0	0.834349599888
122800000.0	122900000.0	0.876778382573
122850000.0	122950000.0	0.716425994549
123000000.0	123100000.0	0.809498228311
123100000.0	123200000.0	0.845969971096
123300000.0	123400000.0	0.884306245538
123350000.0	123450000.0	0.860687799754
123400000.0	123500000.0	0.86456112151
123650000.0	123750000.0	0.735781875248
123750000.0	123850000.0	0.787428625509
123850000.0	123950000.0	0.797563563666
123900000.0	124000000.0	0.875170398381
124150000.0	124250000.0	0.887126751046
124550000.0	124650000.0	0.876653405196
124600000.0	124700000.0	0.881886553216
124850000.0	124950000.0	0.813378270444
124900000.0	125000000.0	0.815262374949
125000000.0	125100000.0	0.555821361486
125250000.0	125350000.0	0.822089187003
125300000.0	125400000.0	0.817403311382
125350000.0	125450000.0	0.828253664072
125450000.0	125550000.0	0.814071474318
125550000.0	125650000.0	0.84343512866
125850000.0	125950000.0	0.809864055125
125900000.0	126000000.0	0.836027043345
126100000.0	126200000.0	0.84642693912
126250000.0	126350000.0	0.894535865119
126400000.0	126500000.0	0.775857011269
126450000.0	126550000.0	0.858297415292
126650000.0	126750000.0	0.871962323224
126700000.0	126800000.0	0.799279402706
126900000.0	127000000.0	0.853417990898
127200000.0	127300000.0	0.678000974745
127450000.0	127550000.0	0.801947641789
127550000.0	127650000.0	0.801958577443
127600000.0	127700000.0	0.86636510886
127700000.0	127800000.0	0.748392758722
127750000.0	127850000.0	0.621525573865
127800000.0	127900000.0	0.824125522844
127850000.0	127950000.0	0.885938985059
127900000.0	128000000.0	0.783534558173
127950000.0	128050000.0	0.604576325076
128100000.0	128200000.0	0.892304924889
128150000.0	128250000.0	0.877352094175
128250000.0	128350000.0	0.852923835819
128400000.0	128500000.0	0.864412881284
128500000.0	128600000.0	0.813047485004
128550000.0	128650000.0	0.722972904405
128700000.0	128800000.0	0.87306644606
128750000.0	128850000.0	0.877671059784
129250000.0	129350000.0	0.896812348697
129850000.0	129950000.0	0.748739613871
129900000.0	130000000.0	0.886801170309
130250000.0	130350000.0	0.557125176287
130300000.0	130400000.0	0.785439487152
130500000.0	130600000.0	0.878544357895
130650000.0	130750000.0	0.829624804116
130700000.0	130800000.0	0.742014992593
130750000.0	130850000.0	0.753777895324
130900000.0	131000000.0	0.739240748637
130950000.0	131050000.0	0.899212251513
131000000.0	131100000.0	0.872694268655
131100000.0	131200000.0	0.86276780254
131150000.0	131250000.0	0.840894777945
131350000.0	131450000.0	0.897374751473
131500000.0	131600000.0	0.872734559979
131750000.0	131850000.0	0.849222789377
131800000.0	131900000.0	0.890895053071
131850000.0	131950000.0	0.885565673102
131900000.0	132000000.0	0.863007774515
132000000.0	132100000.0	0.854083983379
132050000.0	132150000.0	0.86367213782
132100000.0	132200000.0	0.89294282874
132150000.0	132250000.0	0.864583732471
132200000.0	132300000.0	0.666910192564
132250000.0	132350000.0	0.834434420092
132300000.0	132400000.0	0.8268565747
132500000.0	132600000.0	0.608475049894
132550000.0	132650000.0	0.662548913966
132600000.0	132700000.0	0.434327242319
132650000.0	132750000.0	0.426281662877
132700000.0	132800000.0	0.535466026087
132750000.0	132850000.0	0.537054664926
132800000.0	132900000.0	0.553813128781
132850000.0	132950000.0	0.778065335899
132950000.0	133050000.0	0.679685954214
133000000.0	133100000.0	0.887538977482
133250000.0	133350000.0	0.851879403602
133350000.0	133450000.0	0.841776995513
133450000.0	133550000.0	0.831167818917
133500000.0	133600000.0	0.696901379952
133700000.0	133800000.0	0.842627874863
133750000.0	133850000.0	0.582383839547
133950000.0	134050000.0	0.74268300926
134000000.0	134100000.0	0.842999201973
134100000.0	134200000.0	0.872288099263
134150000.0	134250000.0	0.866474583598
134300000.0	134400000.0	0.819066782265
134350000.0	134450000.0	0.66094906502
134400000.0	134500000.0	0.898195803616
134500000.0	134600000.0	0.737104298453
134600000.0	134700000.0	0.852815793412
134750000.0	134850000.0	0.836328405014
134800000.0	134900000.0	0.623556142929
134900000.0	135000000.0	0.893282513691
134950000.0	135050000.0	0.899194177588
135100000.0	135200000.0	0.87595373708
135200000.0	135300000.0	0.888442861596
135300000.0	135400000.0	0.697214161626
135450000.0	135550000.0	0.812599177596
135650000.0	135750000.0	0.874445874114
135800000.0	135900000.0	0.89710162292
135850000.0	135950000.0	0.789970937503
135950000.0	136050000.0	0.809316802508
136000000.0	136100000.0	0.888708228703
136050000.0	136150000.0	0.885973365447
136200000.0	136300000.0	0.888207752521
136250000.0	136350000.0	0.712342774896
136350000.0	136450000.0	0.757167699832
136400000.0	136500000.0	0.625404592756
136500000.0	136600000.0	0.771757011108
136550000.0	136650000.0	0.859502790975
136650000.0	136750000.0	0.793073307965
136700000.0	136800000.0	0.646318500097
136750000.0	136850000.0	0.797736204161
136950000.0	137050000.0	0.706753898345
137050000.0	137150000.0	0.809625665836
137100000.0	137200000.0	0.846754835785
137150000.0	137250000.0	0.793799117222
137200000.0	137300000.0	0.803066070365
137250000.0	137350000.0	0.845317608877
137400000.0	137500000.0	0.888332684907
137450000.0	137550000.0	0.592512886316
137500000.0	137600000.0	0.83570187499
137650000.0	137750000.0	0.710358488918
137900000.0	138000000.0	0.84001007769
138050000.0	138150000.0	0.849906608997
138100000.0	138200000.0	0.885875076854
138300000.0	138400000.0	0.835400820612
138350000.0	138450000.0	0.75586550124
138450000.0	138550000.0	0.869604145974
138550000.0	138650000.0	0.783771125166
138600000.0	138700000.0	0.808784321086
138800000.0	138900000.0	0.895155771164
139050000.0	139150000.0	0.772238495488
139100000.0	139200000.0	0.849913390797
139300000.0	139400000.0	0.67732101176
139550000.0	139650000.0	0.72087341652
139750000.0	139850000.0	0.847543833652
140000000.0	140100000.0	0.897297011133
140900000.0	141000000.0	0.895735172464
141000000.0	141100000.0	0.844511482916
141200000.0	141300000.0	0.847396071344
141350000.0	141450000.0	0.898195746141
141400000.0	141500000.0	0.87398802358
141450000.0	141550000.0	0.88636672206
141750000.0	141850000.0	0.809012906094
141800000.0	141900000.0	0.887072660415
141900000.0	142000000.0	0.869673798468
141950000.0	142050000.0	0.794751519925
142050000.0	142150000.0	0.77288992919
142150000.0	142250000.0	0.753537247244
142250000.0	142350000.0	0.882778312677
142400000.0	142500000.0	0.869993601552
142550000.0	142650000.0	0.864489404941
142750000.0	142850000.0	0.855991101012
142900000.0	143000000.0	0.892176544082
142950000.0	143050000.0	0.833707068516
143000000.0	143100000.0	0.78293932046
143150000.0	143250000.0	0.880669498619
143200000.0	143300000.0	0.855197010571
143300000.0	143400000.0	0.836317066217
143350000.0	143450000.0	0.890435502801
143400000.0	143500000.0	0.847045795503
143450000.0	143550000.0	0.885581557525
143600000.0	143700000.0	0.744813585221
143650000.0	143750000.0	0.894936133759
143750000.0	143850000.0	0.740605191734
143800000.0	143900000.0	0.851844062861
143900000.0	144000000.0	0.833172342662
143950000.0	144050000.0	0.842736007564
144000000.0	144100000.0	0.768670535957
144300000.0	144400000.0	0.875078285424
144400000.0	144500000.0	0.826137837252
144500000.0	144600000.0	0.823375320858
144550000.0	144650000.0	0.776574882719
144650000.0	144750000.0	0.815774050004
144700000.0	144800000.0	0.746498046176
144750000.0	144850000.0	0.69863283655
144800000.0	144900000.0	0.685394538174
144850000.0	144950000.0	0.72706938476
144900000.0	145000000.0	0.727570316418
144950000.0	145050000.0	0.77639282497
145000000.0	145100000.0	0.813686847305
145050000.0	145150000.0	0.893204741059
145100000.0	145200000.0	0.809461358401
145150000.0	145250000.0	0.889856922006
145200000.0	145300000.0	0.71123887757
145250000.0	145350000.0	0.845525260993
145300000.0	145400000.0	0.818455935501
145450000.0	145550000.0	0.856418732765
145550000.0	145650000.0	0.880215919695
145650000.0	145750000.0	0.855366119261
145700000.0	145800000.0	0.785024587136
145850000.0	145950000.0	0.858743355285
146200000.0	146300000.0	0.86146683404
146250000.0	146350000.0	0.823981960984
146350000.0	146450000.0	0.844973978041
146400000.0	146500000.0	0.835563282068
146450000.0	146550000.0	0.820218605467
146700000.0	146800000.0	0.809782613703
146800000.0	146900000.0	0.774623984203
147000000.0	147100000.0	0.722902535418
147050000.0	147150000.0	0.862672570538
147200000.0	147300000.0	0.845334794588
147250000.0	147350000.0	0.878328372607
147300000.0	147400000.0	0.718359312897
147400000.0	147500000.0	0.779105754472
147450000.0	147550000.0	0.859557484518
147500000.0	147600000.0	0.842573713629
147550000.0	147650000.0	0.590519132078
147650000.0	147750000.0	0.74451855017
147700000.0	147800000.0	0.857352882425
147800000.0	147900000.0	0.843565138392
147950000.0	148050000.0	0.797390863578
148050000.0	148150000.0	0.867551432443
148200000.0	148300000.0	0.845210843344
148250000.0	148350000.0	0.871173257489
148300000.0	148400000.0	0.803285787294
148350000.0	148450000.0	0.823409281685
148400000.0	148500000.0	0.809407898236
148650000.0	148750000.0	0.896833397744
149150000.0	149250000.0	0.890273789558
149250000.0	149350000.0	0.891233072057
149300000.0	149400000.0	0.870537773974
149350000.0	149450000.0	0.760361595116
149400000.0	149500000.0	0.838650913347
149600000.0	149700000.0	0.72824848084
149650000.0	149750000.0	0.786308733607
149950000.0	150050000.0	0.864809152303
150000000.0	150100000.0	0.899482754683
150200000.0	150300000.0	0.850933648368
150250000.0	150350000.0	0.895527830547
150300000.0	150400000.0	0.867847354285
150350000.0	150450000.0	0.576145043944
150450000.0	150550000.0	0.814582682363
150500000.0	150600000.0	0.815685379762
150650000.0	150750000.0	0.727479011809
150700000.0	150800000.0	0.855073756128
150750000.0	150850000.0	0.809293485292
151200000.0	151300000.0	0.893653550774
151400000.0	151500000.0	0.854348944465
151450000.0	151550000.0	0.873320186482
151500000.0	151600000.0	0.737214118095
151800000.0	151900000.0	0.830603010236
152200000.0	152300000.0	0.849821951126
152400000.0	152500000.0	0.849851591386
152450000.0	152550000.0	0.815253240151
152550000.0	152650000.0	0.241972808195
152600000.0	152700000.0	0.721921280069
152700000.0	152800000.0	0.887978078758
152900000.0	153000000.0	0.804411807986
153000000.0	153100000.0	0.84405023432
153200000.0	153300000.0	0.120308228001
153250000.0	153350000.0	0.619851798331
153600000.0	153700000.0	0.777749646014
153650000.0	153750000.0	0.810246498583
153700000.0	153800000.0	0.892473131683
154000000.0	154100000.0	0.86512549239
154100000.0	154200000.0	0.85193816434
154700000.0	154800000.0	0.766190249651
154750000.0	154850000.0	0.867543338224
154800000.0	154900000.0	0.841291895005
154950000.0	155050000.0	0.837846142979
155000000.0	155100000.0	0.767860867089
155050000.0	155150000.0	0.769090904899
155150000.0	155250000.0	0.890320128596
155250000.0	155350000.0	0.887440557355
155400000.0	155500000.0	0.55051248859
155450000.0	155550000.0	0.772621499248
155500000.0	155600000.0	0.532489622638
155600000.0	155700000.0	0.814612285842
155650000.0	155750000.0	0.798711086224
156000000.0	156100000.0	0.830337034219
156150000.0	156250000.0	0.877442503671
156300000.0	156400000.0	0.828778030373
156500000.0	156600000.0	0.745033924492
156650000.0	156750000.0	0.729651634348
157050000.0	157150000.0	0.786353364689
157100000.0	157200000.0	0.838447275455
157150000.0	157250000.0	0.891433793477
157200000.0	157300000.0	0.843433088496
157250000.0	157350000.0	0.708548632544
157350000.0	157450000.0	0.885307992955
157450000.0	157550000.0	0.8377933628
157500000.0	157600000.0	0.896439814954
157550000.0	157650000.0	0.771530766317
157650000.0	157750000.0	0.841181389752
157700000.0	157800000.0	0.885870455627
158050000.0	158150000.0	0.756416930325
158250000.0	158350000.0	0.728016091474
158350000.0	158450000.0	0.871274782416
158500000.0	158600000.0	0.892510503833
158550000.0	158650000.0	0.898423812339
158800000.0	158900000.0	0.599033372547
158900000.0	159000000.0	0.881448284929
158950000.0	159050000.0	0.896242001567
159000000.0	159100000.0	0.86353664744
159150000.0	159250000.0	0.875508747635
159300000.0	159400000.0	0.782841533374
159350000.0	159450000.0	0.847962568556
159450000.0	159550000.0	0.895162808199
159550000.0	159650000.0	0.873762251236
160400000.0	160500000.0	0.86558026262
160600000.0	160700000.0	0.794474936715
160650000.0	160750000.0	0.892174035049
160800000.0	160900000.0	0.872911685811
160900000.0	161000000.0	0.830568127756
161000000.0	161100000.0	0.828696535814
161050000.0	161150000.0	0.783664879359
161100000.0	161200000.0	0.894631510044
161150000.0	161250000.0	0.699353965928
161300000.0	161400000.0	0.868346550752
161450000.0	161550000.0	0.702246760922
161600000.0	161700000.0	0.817544067968
161700000.0	161800000.0	0.863047407582
161900000.0	162000000.0	0.749184681613
162050000.0	162150000.0	0.757357741456
162200000.0	162300000.0	0.89796317937
162250000.0	162350000.0	0.880674233371
162400000.0	162500000.0	0.722799248793
162500000.0	162600000.0	0.833534208547
162650000.0	162750000.0	0.789459546205
162800000.0	162900000.0	0.873848524695
162850000.0	162950000.0	0.833875701773
162900000.0	163000000.0	0.84270580392
162950000.0	163050000.0	0.856586668064
163250000.0	163350000.0	0.828288359841
163550000.0	163650000.0	0.86689803453
163600000.0	163700000.0	0.677123213235
163800000.0	163900000.0	0.894224624563
164100000.0	164200000.0	0.850850096394
164400000.0	164500000.0	0.880467357793
164450000.0	164550000.0	0.874499182984
164550000.0	164650000.0	0.897752844398
164700000.0	164800000.0	0.828903297839
165000000.0	165100000.0	0.871611974191
165050000.0	165150000.0	0.817179707067
165100000.0	165200000.0	0.76295175829
165150000.0	165250000.0	0.84625122472
165250000.0	165350000.0	0.873429031805
165350000.0	165450000.0	0.824227278359
165400000.0	165500000.0	0.791279117475
165450000.0	165550000.0	0.794695289174
166050000.0	166150000.0	0.880286505458
166100000.0	166200000.0	0.797594081452
166150000.0	166250000.0	0.826334736688
166350000.0	166450000.0	0.824026285719
166550000.0	166650000.0	0.884734465733
166600000.0	166700000.0	0.887205207931
166900000.0	167000000.0	0.787759991297
166950000.0	167050000.0	0.894558587093
167000000.0	167100000.0	0.850974697643
167100000.0	167200000.0	0.848763273488
167150000.0	167250000.0	0.869231632765
167300000.0	167400000.0	0.86892270296
167350000.0	167450000.0	0.70993242688
167400000.0	167500000.0	0.852181958798
167450000.0	167550000.0	0.881291659379
167600000.0	167700000.0	0.630143474708
167650000.0	167750000.0	0.795307790111
167700000.0	167800000.0	0.823341584571
167800000.0	167900000.0	0.835097831912
167850000.0	167950000.0	0.863890090137
167900000.0	168000000.0	0.781337077555
167950000.0	168050000.0	0.734334878312
168100000.0	168200000.0	0.863093576436
168150000.0	168250000.0	0.765334494901
168350000.0	168450000.0	0.884527954494
168600000.0	168700000.0	0.803447430013
168650000.0	168750000.0	0.73129654235
168750000.0	168850000.0	0.760865040887
169000000.0	169100000.0	0.850118289577
169150000.0	169250000.0	0.869995641095
169300000.0	169400000.0	0.880280248927
170350000.0	170450000.0	0.679535230383
170400000.0	170500000.0	0.780903164964
170500000.0	170600000.0	0.878313153649
170900000.0	171000000.0	0.749026528086
170950000.0	171050000.0	0.834022636394
171000000.0	171100000.0	0.824028078261
171100000.0	171200000.0	0.793233392028
171300000.0	171400000.0	0.874491423618
171350000.0	171450000.0	0.87893621228
171400000.0	171500000.0	0.881923114205
171450000.0	171550000.0	0.784125930598
171550000.0	171650000.0	0.879852961652
171650000.0	171750000.0	0.75400921766
171700000.0	171800000.0	0.897088506191
171750000.0	171850000.0	0.541089905561
171850000.0	171950000.0	0.854923553999
172000000.0	172100000.0	0.873172362793
172050000.0	172150000.0	0.87066527637
172200000.0	172300000.0	0.799894292172
172400000.0	172500000.0	0.728079218299
172500000.0	172600000.0	0.789980225207
172700000.0	172800000.0	0.823041089471
172750000.0	172850000.0	0.704256265912
172800000.0	172900000.0	0.897869595421
173350000.0	173450000.0	0.778622181026
173600000.0	173700000.0	0.839164894514
173750000.0	173850000.0	0.645704007279
173800000.0	173900000.0	0.76081036766
174050000.0	174150000.0	0.895133841355
174350000.0	174450000.0	0.830591633553
174450000.0	174550000.0	0.78876709743
174500000.0	174600000.0	0.861392526723
174600000.0	174700000.0	0.673500466117
174750000.0	174850000.0	0.807795061182
174850000.0	174950000.0	0.864225298283
174900000.0	175000000.0	0.389496357476
174950000.0	175050000.0	0.886645043605
175200000.0	175300000.0	0.830143424887
175350000.0	175450000.0	0.889386430604
175450000.0	175550000.0	0.856497030666
175750000.0	175850000.0	0.887158619467
175800000.0	175900000.0	0.858395532055
176000000.0	176100000.0	0.865240180587
176150000.0	176250000.0	0.898731261331
176350000.0	176450000.0	0.892494422597
176450000.0	176550000.0	0.899988728366
176550000.0	176650000.0	0.844922266003
176700000.0	176800000.0	0.789651797414
177000000.0	177100000.0	0.874662671518
177150000.0	177250000.0	0.814371742147
177350000.0	177450000.0	0.744598725877
177450000.0	177550000.0	0.879266819544
177500000.0	177600000.0	0.758862194288
177800000.0	177900000.0	0.883982935906
177900000.0	178000000.0	0.745800080122
177950000.0	178050000.0	0.696144395396
178200000.0	178300000.0	0.890443115297
178250000.0	178350000.0	0.837112297959
178400000.0	178500000.0	0.80433693001
178850000.0	178950000.0	0.863506559591
178900000.0	179000000.0	0.887009568997
179000000.0	179100000.0	0.776786661272
179100000.0	179200000.0	0.860487375684
179200000.0	179300000.0	0.886519534637
179250000.0	179350000.0	0.83419648793
179350000.0	179450000.0	0.859739916165
179600000.0	179700000.0	0.79415607748
179650000.0	179750000.0	0.867225248441
179750000.0	179850000.0	0.837648365291
179900000.0	180000000.0	0.880896122947
180250000.0	180350000.0	0.829101432035
180350000.0	180450000.0	0.808050742502
180500000.0	180600000.0	0.745414784125
180550000.0	180650000.0	0.84165676002
180700000.0	180800000.0	0.778450897957
180750000.0	180850000.0	0.863471671651
180850000.0	180950000.0	0.896539872709
180950000.0	181050000.0	0.833563380421
181250000.0	181350000.0	0.863841380948
181350000.0	181450000.0	0.886677417236
181500000.0	181600000.0	0.880127323452
181550000.0	181650000.0	0.797934020176
181650000.0	181750000.0	0.775294869847
181750000.0	181850000.0	0.795583089055
182100000.0	182200000.0	0.897490787745
182250000.0	182350000.0	0.758249479905
182400000.0	182500000.0	0.833879357961
182450000.0	182550000.0	0.80280624001
182600000.0	182700000.0	0.793932000202
182650000.0	182750000.0	0.892499418592
182750000.0	182850000.0	0.810339285756
182900000.0	183000000.0	0.829394788951
183100000.0	183200000.0	0.771005475574
183200000.0	183300000.0	0.855612615439
183250000.0	183350000.0	0.872724889077
183400000.0	183500000.0	0.813170453134
183450000.0	183550000.0	0.881401649234
183500000.0	183600000.0	0.887257670246
183550000.0	183650000.0	0.883099897257
183650000.0	183750000.0	0.890900353523
184450000.0	184550000.0	0.890375486668
184900000.0	185000000.0	0.89216606827
185200000.0	185300000.0	0.810245786826
185800000.0	185900000.0	0.875117370013
185950000.0	186050000.0	0.821646474191
186600000.0	186700000.0	0.866130168911
186750000.0	186850000.0	0.76164480684
186950000.0	187050000.0	0.854549536475
187000000.0	187100000.0	0.859061654534
187050000.0	187150000.0	0.810032064917
187250000.0	187350000.0	0.871271951855
187750000.0	187850000.0	0.888890938032
187800000.0	187900000.0	0.753024011464
187850000.0	187950000.0	0.874140823498
187900000.0	188000000.0	0.833430448518
188000000.0	188100000.0	0.870713346985
188100000.0	188200000.0	0.691628729895
188150000.0	188250000.0	0.867290863517
188300000.0	188400000.0	0.771944795644
188650000.0	188750000.0	0.835042964653
188750000.0	188850000.0	0.847072355281
189300000.0	189400000.0	0.885077986459
190000000.0	190100000.0	0.838926988676
190150000.0	190250000.0	0.889718510292
190350000.0	190450000.0	0.832600919076
190450000.0	190550000.0	0.865359806715
190700000.0	190800000.0	0.791326192119
190750000.0	190850000.0	0.850539946895
190800000.0	190900000.0	0.862513052754
190850000.0	190950000.0	0.826470409883
190900000.0	191000000.0	0.634170267152
