start	end	avg.score
0.0	100000.0	0.789408375488
50000.0	150000.0	0.831606137122
150000.0	250000.0	0.8236949561
200000.0	300000.0	0.806060190234
250000.0	350000.0	0.866447385098
500000.0	600000.0	0.875626416906
550000.0	650000.0	0.896626640771
600000.0	700000.0	0.892398072146
650000.0	750000.0	0.759903877653
700000.0	800000.0	0.700753311809
750000.0	850000.0	0.722900765917
800000.0	900000.0	0.812368334083
1050000.0	1150000.0	0.861692518036
1200000.0	1300000.0	0.769104559657
1250000.0	1350000.0	0.866650651019
1500000.0	1600000.0	0.867980712036
1550000.0	1650000.0	0.694631711922
1600000.0	1700000.0	0.880119194292
1800000.0	1900000.0	0.860653470757
1900000.0	2000000.0	0.785471249749
2100000.0	2200000.0	0.863437204494
2350000.0	2450000.0	0.763848539197
2500000.0	2600000.0	0.871437884749
2550000.0	2650000.0	0.882233333667
2750000.0	2850000.0	0.784403804464
2950000.0	3050000.0	0.777502090989
3100000.0	3200000.0	0.894417962216
3150000.0	3250000.0	0.470318375622
3350000.0	3450000.0	0.611931146327
3400000.0	3500000.0	0.894784225746
3550000.0	3650000.0	0.891002605071
3600000.0	3700000.0	0.660472915637
3700000.0	3800000.0	0.798966211654
4300000.0	4400000.0	0.557326426545
4400000.0	4500000.0	0.82143769298
4450000.0	4550000.0	0.82897844683
4550000.0	4650000.0	0.89287702429
4600000.0	4700000.0	0.823545909956
4850000.0	4950000.0	0.863570422594
4900000.0	5000000.0	0.787899725034
5050000.0	5150000.0	0.873803583169
5100000.0	5200000.0	0.852111415039
5300000.0	5400000.0	0.859916076159
5450000.0	5550000.0	0.872636983666
5600000.0	5700000.0	0.886782615257
5800000.0	5900000.0	0.835602759523
5950000.0	6050000.0	0.382197490583
6000000.0	6100000.0	0.87957914168
6250000.0	6350000.0	0.861191717016
6350000.0	6450000.0	0.879297301516
6400000.0	6500000.0	0.778283994269
6450000.0	6550000.0	0.854190535364
6700000.0	6800000.0	0.257454639875
6750000.0	6850000.0	0.754634324372
6900000.0	7000000.0	0.893490174641
7000000.0	7100000.0	0.801260338859
7050000.0	7150000.0	0.865931237812
7100000.0	7200000.0	0.766249714843
7150000.0	7250000.0	0.753349462529
7200000.0	7300000.0	0.716069820743
7250000.0	7350000.0	0.718816147495
7350000.0	7450000.0	0.835641425852
7550000.0	7650000.0	0.74579828964
7750000.0	7850000.0	0.866237365889
7850000.0	7950000.0	0.660455151535
7900000.0	8000000.0	0.863969412197
8000000.0	8100000.0	0.887818213924
8050000.0	8150000.0	0.737384744035
8200000.0	8300000.0	0.847987003606
8250000.0	8350000.0	0.867010274189
8450000.0	8550000.0	0.849330203288
8550000.0	8650000.0	0.738363105225
8650000.0	8750000.0	0.446771646728
8700000.0	8800000.0	0.894945510041
8800000.0	8900000.0	0.64464508142
9050000.0	9150000.0	0.848882670107
9200000.0	9300000.0	0.880812549373
9250000.0	9350000.0	0.859064757581
9300000.0	9400000.0	0.881202826531
9350000.0	9450000.0	0.879205542322
9500000.0	9600000.0	0.879645607662
9650000.0	9750000.0	0.889661436477
9700000.0	9800000.0	0.884026229561
9850000.0	9950000.0	0.801547675799
9950000.0	10050000.0	0.831304435375
10050000.0	10150000.0	0.893934991374
10700000.0	10800000.0	0.809049425199
10750000.0	10850000.0	0.729021993735
10850000.0	10950000.0	0.842127201147
11500000.0	11600000.0	0.600000242759
11600000.0	11700000.0	0.55255426086
11650000.0	11750000.0	0.857238683556
11750000.0	11850000.0	0.828845049291
11900000.0	12000000.0	0.883396205317
12000000.0	12100000.0	0.825769889029
12100000.0	12200000.0	0.720027771289
12300000.0	12400000.0	0.706606218502
12500000.0	12600000.0	0.799806105639
12650000.0	12750000.0	0.860394641588
12950000.0	13050000.0	0.833867201568
13000000.0	13100000.0	0.819979148647
13050000.0	13150000.0	0.754808226156
13250000.0	13350000.0	0.830078756847
13350000.0	13450000.0	0.865169180275
13400000.0	13500000.0	0.768895021952
13600000.0	13700000.0	0.845879628112
14250000.0	14350000.0	0.6082056437
14350000.0	14450000.0	0.878344365928
14700000.0	14800000.0	0.843626127967
14850000.0	14950000.0	0.884225726729
15050000.0	15150000.0	0.89124754302
15200000.0	15300000.0	0.882448971414
15250000.0	15350000.0	0.74306266188
15350000.0	15450000.0	0.868592601093
15500000.0	15600000.0	0.801909584854
15750000.0	15850000.0	0.807359867161
15800000.0	15900000.0	0.863117935867
15850000.0	15950000.0	0.866497061085
15900000.0	16000000.0	0.871329412577
16000000.0	16100000.0	0.883801926628
16150000.0	16250000.0	0.883899817311
16250000.0	16350000.0	0.714499941692
16300000.0	16400000.0	0.88614223491
16550000.0	16650000.0	0.870408639767
17450000.0	17550000.0	0.649931845687
17500000.0	17600000.0	0.193158628039
17550000.0	17650000.0	0.493848151982
17850000.0	17950000.0	0.890123746138
18350000.0	18450000.0	0.881506181668
18450000.0	18550000.0	0.86277179594
18600000.0	18700000.0	0.896137967989
18650000.0	18750000.0	0.806247023939
19200000.0	19300000.0	0.784004321465
19450000.0	19550000.0	0.886109755073
19600000.0	19700000.0	0.845234958522
19850000.0	19950000.0	0.854698262362
19900000.0	20000000.0	0.766104576634
19950000.0	20050000.0	0.858934265793
20000000.0	20100000.0	0.799434229583
20200000.0	20300000.0	0.866364551759
20250000.0	20350000.0	0.855467795125
20350000.0	20450000.0	0.696029987886
20450000.0	20550000.0	0.894089327982
20550000.0	20650000.0	0.886598042951
20600000.0	20700000.0	0.892601872321
20650000.0	20750000.0	0.630397986646
20700000.0	20800000.0	0.578760894075
20750000.0	20850000.0	0.634345063081
20800000.0	20900000.0	0.666513042334
20850000.0	20950000.0	0.67341914458
20900000.0	21000000.0	0.839280694337
21000000.0	21100000.0	0.745188262381
21100000.0	21200000.0	0.858999932891
21200000.0	21300000.0	0.707013384632
21250000.0	21350000.0	0.491366038036
21300000.0	21400000.0	0.44958333221
21350000.0	21450000.0	0.76597134768
21400000.0	21500000.0	0.654698431005
21450000.0	21550000.0	0.555327421142
21500000.0	21600000.0	0.827428060035
21550000.0	21650000.0	0.69649933546
21750000.0	21850000.0	0.843274227402
21800000.0	21900000.0	0.846027743583
21850000.0	21950000.0	0.749531194426
21900000.0	22000000.0	0.326102948084
21950000.0	22050000.0	0.672229483049
22000000.0	22100000.0	0.889226007788
22050000.0	22150000.0	0.769891442036
22100000.0	22200000.0	0.735738424669
22150000.0	22250000.0	0.777731101925
22250000.0	22350000.0	0.851979139425
22300000.0	22400000.0	0.884328130124
22350000.0	22450000.0	0.875791862448
22400000.0	22500000.0	0.829616179809
22500000.0	22600000.0	0.879964155988
22550000.0	22650000.0	0.859493722135
22600000.0	22700000.0	0.756378692671
22700000.0	22800000.0	0.552178504667
22850000.0	22950000.0	0.898349190418
23000000.0	23100000.0	0.877666280736
23050000.0	23150000.0	0.854040743248
23100000.0	23200000.0	0.741372880314
23150000.0	23250000.0	0.8820960198
23400000.0	23500000.0	0.882037343555
23450000.0	23550000.0	0.84639310221
23550000.0	23650000.0	0.774356257674
23700000.0	23800000.0	0.890532303877
24000000.0	24100000.0	0.805288492836
24100000.0	24200000.0	0.830728256218
24150000.0	24250000.0	0.780605147277
24200000.0	24300000.0	0.815948465424
24350000.0	24450000.0	0.878657785947
24550000.0	24650000.0	0.803607402224
24800000.0	24900000.0	0.861769121119
24850000.0	24950000.0	0.88852576539
24900000.0	25000000.0	0.771489061464
25050000.0	25150000.0	0.657646076924
25100000.0	25200000.0	0.789752339788
25250000.0	25350000.0	0.840099174472
25300000.0	25400000.0	0.849901184583
25350000.0	25450000.0	0.887984241239
25450000.0	25550000.0	0.86403796961
25550000.0	25650000.0	0.899376127824
25600000.0	25700000.0	0.843582721394
25700000.0	25800000.0	0.779233752284
25950000.0	26050000.0	0.805957322151
26000000.0	26100000.0	0.858840088757
26250000.0	26350000.0	0.697847194182
26450000.0	26550000.0	0.863062242413
26550000.0	26650000.0	0.88897508177
26800000.0	26900000.0	0.894938900697
26900000.0	27000000.0	0.899648699141
27450000.0	27550000.0	0.702874103387
27550000.0	27650000.0	0.7293500147
27600000.0	27700000.0	0.837357514164
27700000.0	27800000.0	0.826458859734
27800000.0	27900000.0	0.66897830691
28150000.0	28250000.0	0.796614057059
28400000.0	28500000.0	0.738720530158
28550000.0	28650000.0	0.876944201796
28750000.0	28850000.0	0.815693914065
28800000.0	28900000.0	0.894738980918
28850000.0	28950000.0	0.730312758799
29000000.0	29100000.0	0.733838859873
29100000.0	29200000.0	0.811039351022
29150000.0	29250000.0	0.890186268714
29200000.0	29300000.0	0.596170585935
29400000.0	29500000.0	0.858354689009
29800000.0	29900000.0	0.680583409065
29950000.0	30050000.0	0.481310505516
30100000.0	30200000.0	0.853823111422
30150000.0	30250000.0	0.874556500245
30250000.0	30350000.0	0.881732502686
30300000.0	30400000.0	0.513247449542
30350000.0	30450000.0	0.893930362906
30400000.0	30500000.0	0.830189524036
30450000.0	30550000.0	0.849910793382
30500000.0	30600000.0	0.892221819597
30750000.0	30850000.0	0.671710959006
30800000.0	30900000.0	0.868303751711
30850000.0	30950000.0	0.879379301486
30900000.0	31000000.0	0.867418130081
31050000.0	31150000.0	0.744801805154
31100000.0	31200000.0	0.899386805144
31150000.0	31250000.0	0.71469396513
31300000.0	31400000.0	0.853114791356
31350000.0	31450000.0	0.7884361024
31400000.0	31500000.0	0.671708290671
31500000.0	31600000.0	0.754646097298
32100000.0	32200000.0	0.850085375504
32400000.0	32500000.0	0.895879910016
32750000.0	32850000.0	0.886343684422
32850000.0	32950000.0	0.895297735928
32900000.0	33000000.0	0.894965792602
33000000.0	33100000.0	0.882340974786
33050000.0	33150000.0	0.812962990831
33500000.0	33600000.0	0.886450145741
33650000.0	33750000.0	0.823974585992
33750000.0	33850000.0	0.869803080311
33800000.0	33900000.0	0.548761263114
34000000.0	34100000.0	0.846455728338
34050000.0	34150000.0	0.585727161052
34100000.0	34200000.0	0.458870269885
34150000.0	34250000.0	0.332150648392
34200000.0	34300000.0	0.461748652922
34250000.0	34350000.0	0.625447323909
34300000.0	34400000.0	0.641860250942
34350000.0	34450000.0	0.765448083664
34550000.0	34650000.0	0.871028916158
34950000.0	35050000.0	0.887367596367
35000000.0	35100000.0	0.875389599316
35200000.0	35300000.0	0.752323050671
35450000.0	35550000.0	0.697514238814
35550000.0	35650000.0	0.847269136926
35700000.0	35800000.0	0.879046213226
35850000.0	35950000.0	0.805391252082
35900000.0	36000000.0	0.844181549745
35950000.0	36050000.0	0.840093427518
36000000.0	36100000.0	0.834080386562
36100000.0	36200000.0	0.834244292198
36150000.0	36250000.0	0.772547501163
36250000.0	36350000.0	0.868460413661
36300000.0	36400000.0	0.796121589071
36400000.0	36500000.0	0.865818576473
36600000.0	36700000.0	0.786689423612
36700000.0	36800000.0	0.846216390603
37150000.0	37250000.0	0.899027402276
37200000.0	37300000.0	0.874520561615
37400000.0	37500000.0	0.842391998588
37450000.0	37550000.0	0.858093248122
38050000.0	38150000.0	0.83703031235
38150000.0	38250000.0	0.79105981208
38200000.0	38300000.0	0.898466955562
38250000.0	38350000.0	0.801737282749
38300000.0	38400000.0	0.871490081624
38400000.0	38500000.0	0.737617332915
38450000.0	38550000.0	0.876036287756
38550000.0	38650000.0	0.841263687844
38600000.0	38700000.0	0.73873679379
38950000.0	39050000.0	0.756896247757
39200000.0	39300000.0	0.841692272845
39300000.0	39400000.0	0.816951051272
39500000.0	39600000.0	0.884691069628
39850000.0	39950000.0	0.8792575701
40050000.0	40150000.0	0.880208669675
40350000.0	40450000.0	0.898470342067
40400000.0	40500000.0	0.791453531974
40500000.0	40600000.0	0.842390772554
41050000.0	41150000.0	0.854226170905
41100000.0	41200000.0	0.899113957749
41150000.0	41250000.0	0.647504033626
41200000.0	41300000.0	0.883580164649
41300000.0	41400000.0	0.768568959598
41450000.0	41550000.0	0.784842159436
41500000.0	41600000.0	0.793021503938
41650000.0	41750000.0	0.868272098709
41750000.0	41850000.0	0.883750290206
41800000.0	41900000.0	0.822924452037
41850000.0	41950000.0	0.866373766686
42000000.0	42100000.0	0.898152890143
42050000.0	42150000.0	0.859197849753
42300000.0	42400000.0	0.87019864906
42400000.0	42500000.0	0.814176925312
42450000.0	42550000.0	0.889908301546
42550000.0	42650000.0	0.888821433395
42650000.0	42750000.0	0.769940156111
42700000.0	42800000.0	0.851630643194
43300000.0	43400000.0	0.879520409175
43450000.0	43550000.0	0.88036458645
43650000.0	43750000.0	0.76355431932
43700000.0	43800000.0	0.8164997178
43900000.0	44000000.0	0.854105472458
43950000.0	44050000.0	0.888721472156
44000000.0	44100000.0	0.860831214519
44050000.0	44150000.0	0.846601069747
44350000.0	44450000.0	0.712846357298
44450000.0	44550000.0	0.812407155404
44500000.0	44600000.0	0.837698804975
44550000.0	44650000.0	0.878926375466
44600000.0	44700000.0	0.857113045481
44650000.0	44750000.0	0.811927783166
44700000.0	44800000.0	0.856205162399
44800000.0	44900000.0	0.815310406522
44950000.0	45050000.0	0.895720115406
45300000.0	45400000.0	0.878520871167
45400000.0	45500000.0	0.728289176869
45500000.0	45600000.0	0.86585611976
45600000.0	45700000.0	0.790756983439
45650000.0	45750000.0	0.85030780616
45800000.0	45900000.0	0.813521318871
45850000.0	45950000.0	0.893888180296
45900000.0	46000000.0	0.858475691329
46050000.0	46150000.0	0.75125742378
46100000.0	46200000.0	0.871305408296
46250000.0	46350000.0	0.770941982471
46300000.0	46400000.0	0.769919000614
46350000.0	46450000.0	0.478842113531
46400000.0	46500000.0	0.0
46450000.0	46550000.0	0.0
46500000.0	46600000.0	0.0
46550000.0	46650000.0	0.0
46600000.0	46700000.0	0.0
46650000.0	46750000.0	0.0
46700000.0	46800000.0	0.0
46750000.0	46850000.0	0.0
46800000.0	46900000.0	0.0
46850000.0	46950000.0	0.0
46900000.0	47000000.0	0.0
46950000.0	47050000.0	0.0
47000000.0	47100000.0	0.0
47050000.0	47150000.0	0.0
47100000.0	47200000.0	0.0
47150000.0	47250000.0	0.0
47200000.0	47300000.0	0.0
47250000.0	47350000.0	0.0
47300000.0	47400000.0	0.0
47350000.0	47450000.0	0.0
47400000.0	47500000.0	0.0
47450000.0	47550000.0	0.0
47500000.0	47600000.0	0.0
47550000.0	47650000.0	0.0
47600000.0	47700000.0	0.0
47650000.0	47750000.0	0.0
47700000.0	47800000.0	0.0
47750000.0	47850000.0	0.0
47800000.0	47900000.0	0.0
47850000.0	47950000.0	0.0
47900000.0	48000000.0	0.0
47950000.0	48050000.0	0.0
48000000.0	48100000.0	0.0
48050000.0	48150000.0	0.0
48100000.0	48200000.0	0.0
48150000.0	48250000.0	0.0
48200000.0	48300000.0	0.0
48250000.0	48350000.0	0.0
48300000.0	48400000.0	0.0
48350000.0	48450000.0	0.0
48400000.0	48500000.0	0.0
48450000.0	48550000.0	0.0
48500000.0	48600000.0	0.0
48550000.0	48650000.0	0.0
48600000.0	48700000.0	0.0
48650000.0	48750000.0	0.0
48700000.0	48800000.0	0.0
48750000.0	48850000.0	0.0
48800000.0	48900000.0	0.0
48850000.0	48950000.0	0.0
48900000.0	49000000.0	0.0
48950000.0	49050000.0	0.0
49000000.0	49100000.0	0.0
49050000.0	49150000.0	0.0
49100000.0	49200000.0	0.0
49150000.0	49250000.0	0.0
49200000.0	49300000.0	0.0
49250000.0	49350000.0	0.0
49300000.0	49400000.0	0.0
49350000.0	49450000.0	0.117847623969
49400000.0	49500000.0	0.574875322889
49500000.0	49600000.0	0.809353917925
49550000.0	49650000.0	0.836239892046
49600000.0	49700000.0	0.853431020688
49650000.0	49750000.0	0.792811573393
49700000.0	49800000.0	0.814632136335
49750000.0	49850000.0	0.805589009678
49800000.0	49900000.0	0.873949601477
49850000.0	49950000.0	0.843867582301
49900000.0	50000000.0	0.84953327981
50000000.0	50100000.0	0.875915634673
50250000.0	50350000.0	0.818246380795
50350000.0	50450000.0	0.87257355398
50500000.0	50600000.0	0.781031219779
50550000.0	50650000.0	0.84298895838
50600000.0	50700000.0	0.871725012098
50700000.0	50800000.0	0.816019794372
50850000.0	50950000.0	0.787713445259
50900000.0	51000000.0	0.72064589688
51150000.0	51250000.0	0.783933387445
51200000.0	51300000.0	0.897077502897
51300000.0	51400000.0	0.767255044596
51350000.0	51450000.0	0.872297364036
51400000.0	51500000.0	0.881842895115
51450000.0	51550000.0	0.898780380966
51500000.0	51600000.0	0.826699607621
51550000.0	51650000.0	0.84124453916
51650000.0	51750000.0	0.836751007446
51700000.0	51800000.0	0.757440363657
51750000.0	51850000.0	0.800017983773
51800000.0	51900000.0	0.817469434152
51850000.0	51950000.0	0.888253794462
51900000.0	52000000.0	0.872603450906
51950000.0	52050000.0	0.715447871871
52000000.0	52100000.0	0.869651908201
52050000.0	52150000.0	0.898539310736
52100000.0	52200000.0	0.83630049238
52250000.0	52350000.0	0.856661038071
52300000.0	52400000.0	0.489096237178
52350000.0	52450000.0	0.611548842197
52450000.0	52550000.0	0.890094634653
52500000.0	52600000.0	0.898171796591
52550000.0	52650000.0	0.793384354726
52850000.0	52950000.0	0.896290464293
52950000.0	53050000.0	0.883955122172
53400000.0	53500000.0	0.845058368166
53550000.0	53650000.0	0.852887114919
53650000.0	53750000.0	0.864178510298
53900000.0	54000000.0	0.890295438396
54050000.0	54150000.0	0.645435347967
54200000.0	54300000.0	0.837005746983
54250000.0	54350000.0	0.834990086151
54300000.0	54400000.0	0.863849926568
54450000.0	54550000.0	0.8343414518
54800000.0	54900000.0	0.882235201917
55150000.0	55250000.0	0.838277530058
55950000.0	56050000.0	0.801377557943
56100000.0	56200000.0	0.810614214903
56250000.0	56350000.0	0.831357264716
56600000.0	56700000.0	0.868192218532
56700000.0	56800000.0	0.721722799253
56750000.0	56850000.0	0.881631947155
56800000.0	56900000.0	0.840503477566
56850000.0	56950000.0	0.818761243456
57000000.0	57100000.0	0.809520142964
57050000.0	57150000.0	0.824004939242
57100000.0	57200000.0	0.88535753372
57150000.0	57250000.0	0.867498237885
57250000.0	57350000.0	0.858860422439
57300000.0	57400000.0	0.872565205494
57500000.0	57600000.0	0.861045831105
57600000.0	57700000.0	0.889379250547
57650000.0	57750000.0	0.852860280247
57700000.0	57800000.0	0.819062141292
57750000.0	57850000.0	0.846476714345
57800000.0	57900000.0	0.760207768351
58000000.0	58100000.0	0.732251821621
58150000.0	58250000.0	0.884527163947
58300000.0	58400000.0	0.899113616286
58550000.0	58650000.0	0.804845290156
58650000.0	58750000.0	0.731496604993
58800000.0	58900000.0	0.897114150142
58850000.0	58950000.0	0.805962534615
58900000.0	59000000.0	0.847612025635
59000000.0	59100000.0	0.673152607486
59200000.0	59300000.0	0.819513254404
59250000.0	59350000.0	0.783191941338
59300000.0	59400000.0	0.823457242461
59500000.0	59600000.0	0.34738436413
59550000.0	59650000.0	0.811973616317
59650000.0	59750000.0	0.830019649224
59800000.0	59900000.0	0.890333464952
59850000.0	59950000.0	0.870051893484
60000000.0	60100000.0	0.898178542295
60100000.0	60200000.0	0.879318617399
60150000.0	60250000.0	0.873383993562
60250000.0	60350000.0	0.876626008419
60350000.0	60450000.0	0.836484583682
60650000.0	60750000.0	0.809601667466
60850000.0	60950000.0	0.856693610828
60950000.0	61050000.0	0.758251536635
61100000.0	61200000.0	0.652894124447
61150000.0	61250000.0	0.794137826408
61450000.0	61550000.0	0.869939717963
61500000.0	61600000.0	0.724203745066
62050000.0	62150000.0	0.83431570543
62100000.0	62200000.0	0.853272546308
62150000.0	62250000.0	0.824946147725
62200000.0	62300000.0	0.877967354456
62350000.0	62450000.0	0.814434554499
62500000.0	62600000.0	0.721041658967
62550000.0	62650000.0	0.899356273847
62600000.0	62700000.0	0.884306583412
62800000.0	62900000.0	0.86498390643
62850000.0	62950000.0	0.825686760583
62900000.0	63000000.0	0.819337472957
62950000.0	63050000.0	0.707358978813
63000000.0	63100000.0	0.838861707087
63100000.0	63200000.0	0.640906681652
63200000.0	63300000.0	0.764498534613
63250000.0	63350000.0	0.824406965229
63300000.0	63400000.0	0.549022745715
63350000.0	63450000.0	0.822489748561
63500000.0	63600000.0	0.784247768475
63700000.0	63800000.0	0.853014665543
63750000.0	63850000.0	0.800389886883
63800000.0	63900000.0	0.820999688078
64100000.0	64200000.0	0.820125768225
64250000.0	64350000.0	0.83221040457
64400000.0	64500000.0	0.890174516958
64450000.0	64550000.0	0.863543472595
64600000.0	64700000.0	0.82546848866
64650000.0	64750000.0	0.86710395209
65050000.0	65150000.0	0.876799996938
65350000.0	65450000.0	0.899929742135
65500000.0	65600000.0	0.810824369492
65600000.0	65700000.0	0.872897373975
65650000.0	65750000.0	0.713503366178
66150000.0	66250000.0	0.880155880462
66300000.0	66400000.0	0.43584749999
66500000.0	66600000.0	0.879267289904
66550000.0	66650000.0	0.733828633279
66600000.0	66700000.0	0.863596181449
66750000.0	66850000.0	0.854980408234
66950000.0	67050000.0	0.804974955188
67000000.0	67100000.0	0.811304103535
67050000.0	67150000.0	0.855218644671
67100000.0	67200000.0	0.784993283444
67150000.0	67250000.0	0.891004203423
67250000.0	67350000.0	0.693811618758
67600000.0	67700000.0	0.873947326049
67750000.0	67850000.0	0.779767744685
67850000.0	67950000.0	0.843079484024
67900000.0	68000000.0	0.876244607479
67950000.0	68050000.0	0.597696834436
68300000.0	68400000.0	0.892215213821
68750000.0	68850000.0	0.840762139891
68800000.0	68900000.0	0.562248874354
68850000.0	68950000.0	0.282711771883
68900000.0	69000000.0	0.163952301026
68950000.0	69050000.0	0.145726542458
69000000.0	69100000.0	0.175767333027
69050000.0	69150000.0	0.179455372316
69100000.0	69200000.0	0.149287657393
69150000.0	69250000.0	0.16969943978
69200000.0	69300000.0	0.250083089731
69250000.0	69350000.0	0.385392719866
69300000.0	69400000.0	0.457156816243
69350000.0	69450000.0	0.338325006657
69400000.0	69500000.0	0.24600658402
69450000.0	69550000.0	0.169262113368
69500000.0	69600000.0	0.131290489872
69550000.0	69650000.0	0.163819502788
69600000.0	69700000.0	0.175872795892
69650000.0	69750000.0	0.258561250405
69700000.0	69800000.0	0.288123816426
69750000.0	69850000.0	0.183279798836
69800000.0	69900000.0	0.140533297393
69850000.0	69950000.0	0.161877851325
69900000.0	70000000.0	0.180888792511
69950000.0	70050000.0	0.162530071239
70000000.0	70100000.0	0.149661075762
70050000.0	70150000.0	0.192532063203
70100000.0	70200000.0	0.312173933171
70150000.0	70250000.0	0.450768875557
70200000.0	70300000.0	0.425081124807
70250000.0	70350000.0	0.388222121871
70300000.0	70400000.0	0.434805137563
70350000.0	70450000.0	0.354449925888
70400000.0	70500000.0	0.251526435314
70450000.0	70550000.0	0.175531932838
70500000.0	70600000.0	0.13571950777
70550000.0	70650000.0	0.170720600324
70600000.0	70700000.0	0.385317042543
70650000.0	70750000.0	0.635020132458
70700000.0	70800000.0	0.834827086937
71000000.0	71100000.0	0.852536237791
71050000.0	71150000.0	0.876834621763
71200000.0	71300000.0	0.724257439542
71250000.0	71350000.0	0.836561711527
71400000.0	71500000.0	0.835131390163
71500000.0	71600000.0	0.5427227218
71600000.0	71700000.0	0.867037839027
71650000.0	71750000.0	0.71526220731
71700000.0	71800000.0	0.849675818268
71800000.0	71900000.0	0.867093610218
71950000.0	72050000.0	0.851179698597
72000000.0	72100000.0	0.833932145931
72250000.0	72350000.0	0.864988225551
72350000.0	72450000.0	0.847736817674
72450000.0	72550000.0	0.833667272702
72600000.0	72700000.0	0.731162982651
73150000.0	73250000.0	0.790155792117
73300000.0	73400000.0	0.818535452655
73450000.0	73550000.0	0.525311689806
73550000.0	73650000.0	0.891698181832
73600000.0	73700000.0	0.749592850548
73800000.0	73900000.0	0.868865943199
74050000.0	74150000.0	0.843252945561
74350000.0	74450000.0	0.770889947741
74400000.0	74500000.0	0.829966374523
74450000.0	74550000.0	0.848981842336
74850000.0	74950000.0	0.852703180615
74900000.0	75000000.0	0.861590768054
74950000.0	75050000.0	0.87699865986
75000000.0	75100000.0	0.81166392365
75050000.0	75150000.0	0.832803818822
75100000.0	75200000.0	0.879549070903
75200000.0	75300000.0	0.860365155302
75250000.0	75350000.0	0.879326883888
75300000.0	75400000.0	0.868911141766
75400000.0	75500000.0	0.784115859746
75450000.0	75550000.0	0.783745689752
75500000.0	75600000.0	0.82047447461
75600000.0	75700000.0	0.898967710253
75700000.0	75800000.0	0.853572490625
76350000.0	76450000.0	0.883209510965
76450000.0	76550000.0	0.877839017365
76500000.0	76600000.0	0.801303351058
76700000.0	76800000.0	0.837741341036
76750000.0	76850000.0	0.82122028929
76850000.0	76950000.0	0.695711548941
76950000.0	77050000.0	0.895948106849
77250000.0	77350000.0	0.890073480923
77350000.0	77450000.0	0.899259053646
77400000.0	77500000.0	0.807178382626
77700000.0	77800000.0	0.883514500415
77800000.0	77900000.0	0.815533634848
77850000.0	77950000.0	0.84749627531
78100000.0	78200000.0	0.842006508558
78150000.0	78250000.0	0.824881661828
78200000.0	78300000.0	0.895981421428
78250000.0	78350000.0	0.899028016143
78300000.0	78400000.0	0.816147974619
78750000.0	78850000.0	0.879367697353
79000000.0	79100000.0	0.898569246594
79050000.0	79150000.0	0.895507273982
79100000.0	79200000.0	0.845919656427
79150000.0	79250000.0	0.867535671592
79250000.0	79350000.0	0.776071877616
79650000.0	79750000.0	0.881610443001
80050000.0	80150000.0	0.88204764878
80300000.0	80400000.0	0.855133765878
80550000.0	80650000.0	0.892365292131
80800000.0	80900000.0	0.796192332516
80850000.0	80950000.0	0.841909264648
80900000.0	81000000.0	0.830970595518
81050000.0	81150000.0	0.881957688208
81200000.0	81300000.0	0.785432050108
81350000.0	81450000.0	0.781436277031
81400000.0	81500000.0	0.888131485374
81450000.0	81550000.0	0.832320845555
81650000.0	81750000.0	0.77194604271
81700000.0	81800000.0	0.763017186161
81950000.0	82050000.0	0.750084974203
82150000.0	82250000.0	0.802553783604
82200000.0	82300000.0	0.87377696422
82400000.0	82500000.0	0.878226509547
82500000.0	82600000.0	0.873437895998
82600000.0	82700000.0	0.888186320492
82650000.0	82750000.0	0.842194235249
82700000.0	82800000.0	0.887787898656
82850000.0	82950000.0	0.863401371111
83250000.0	83350000.0	0.60842549139
83300000.0	83400000.0	0.787821324135
83700000.0	83800000.0	0.889565459025
83750000.0	83850000.0	0.81520840171
83850000.0	83950000.0	0.783920885076
84000000.0	84100000.0	0.659026393876
84050000.0	84150000.0	0.75731917619
84250000.0	84350000.0	0.899364380088
84300000.0	84400000.0	0.815192869737
84450000.0	84550000.0	0.883874320148
84900000.0	85000000.0	0.55687291076
85000000.0	85100000.0	0.793609421849
85300000.0	85400000.0	0.789135884492
85450000.0	85550000.0	0.884520275668
85500000.0	85600000.0	0.706847769626
85550000.0	85650000.0	0.729659707535
85650000.0	85750000.0	0.772689086908
85850000.0	85950000.0	0.866225758653
86100000.0	86200000.0	0.813835035519
86150000.0	86250000.0	0.684501151763
86200000.0	86300000.0	0.883700176491
86700000.0	86800000.0	0.859183762085
86750000.0	86850000.0	0.88540258442
86900000.0	87000000.0	0.770043529016
86950000.0	87050000.0	0.620609828045
87100000.0	87200000.0	0.707955436727
87200000.0	87300000.0	0.806159429107
87250000.0	87350000.0	0.875329383661
87550000.0	87650000.0	0.836031041124
87800000.0	87900000.0	0.71353927526
87850000.0	87950000.0	0.845100151338
87950000.0	88050000.0	0.50008859201
88050000.0	88150000.0	0.787504051819
88100000.0	88200000.0	0.586820109117
88250000.0	88350000.0	0.881059850997
88350000.0	88450000.0	0.830733115137
88550000.0	88650000.0	0.740911807198
88700000.0	88800000.0	0.867960990886
88850000.0	88950000.0	0.564255794504
88900000.0	89000000.0	0.857949682353
89000000.0	89100000.0	0.654263346493
89200000.0	89300000.0	0.777565116201
89250000.0	89350000.0	0.662257695606
89300000.0	89400000.0	0.866464084064
89350000.0	89450000.0	0.865038804437
89450000.0	89550000.0	0.69019346438
89500000.0	89600000.0	0.885387205773
89550000.0	89650000.0	0.665401052705
89650000.0	89750000.0	0.863898630832
89700000.0	89800000.0	0.845396324276
89850000.0	89950000.0	0.84596100536
89950000.0	90050000.0	0.870753314714
90050000.0	90150000.0	0.881238541638
90100000.0	90200000.0	0.886891638201
90150000.0	90250000.0	0.872801000258
90200000.0	90300000.0	0.784063884946
90300000.0	90400000.0	0.763110975848
90350000.0	90450000.0	0.863741225482
90400000.0	90500000.0	0.899363763294
90450000.0	90550000.0	0.856931177727
90700000.0	90800000.0	0.866159556911
90900000.0	91000000.0	0.838617913633
91000000.0	91100000.0	0.830995547785
91050000.0	91150000.0	0.853736039894
91150000.0	91250000.0	0.75710692504
91250000.0	91350000.0	0.827265452752
91300000.0	91400000.0	0.888814529204
91450000.0	91550000.0	0.874075420317
91500000.0	91600000.0	0.839770300594
91550000.0	91650000.0	0.753713942581
91600000.0	91700000.0	0.322795956348
91650000.0	91750000.0	0.626586997944
91700000.0	91800000.0	0.887665551477
91800000.0	91900000.0	0.660539135457
92000000.0	92100000.0	0.879392359625
92100000.0	92200000.0	0.896910545246
92150000.0	92250000.0	0.851584204691
92350000.0	92450000.0	0.858976091408
92400000.0	92500000.0	0.659192414524
92450000.0	92550000.0	0.700990457235
92500000.0	92600000.0	0.851921569738
92550000.0	92650000.0	0.895674737482
92650000.0	92750000.0	0.742595437261
92700000.0	92800000.0	0.871100908392
92750000.0	92850000.0	0.826196112537
92900000.0	93000000.0	0.366877669397
92950000.0	93050000.0	0.855090859245
93150000.0	93250000.0	0.892456079917
93550000.0	93650000.0	0.858773841263
93650000.0	93750000.0	0.854446719505
93750000.0	93850000.0	0.808723758117
93950000.0	94050000.0	0.88620106193
94200000.0	94300000.0	0.739298708563
94350000.0	94450000.0	0.830306150607
94650000.0	94750000.0	0.883327731668
94850000.0	94950000.0	0.78319524791
94950000.0	95050000.0	0.798837507297
95300000.0	95400000.0	0.833838952455
95400000.0	95500000.0	0.678424220094
95450000.0	95550000.0	0.772748524978
95550000.0	95650000.0	0.735381683257
95600000.0	95700000.0	0.867688714641
95750000.0	95850000.0	0.606484136028
95800000.0	95900000.0	0.666187579817
95850000.0	95950000.0	0.869222274602
96050000.0	96150000.0	0.845846300453
96100000.0	96200000.0	0.819788500636
96300000.0	96400000.0	0.795614356979
96400000.0	96500000.0	0.898341380995
96450000.0	96550000.0	0.871092912659
96500000.0	96600000.0	0.87532332913
96550000.0	96650000.0	0.890534785356
96600000.0	96700000.0	0.889716608405
96800000.0	96900000.0	0.875622351719
96900000.0	97000000.0	0.898152031232
97050000.0	97150000.0	0.876366853978
97100000.0	97200000.0	0.881735980973
97300000.0	97400000.0	0.845800677318
97350000.0	97450000.0	0.86106635191
97400000.0	97500000.0	0.759770233221
97500000.0	97600000.0	0.767223666242
97550000.0	97650000.0	0.878225092311
97700000.0	97800000.0	0.701647670203
97750000.0	97850000.0	0.788166464592
97800000.0	97900000.0	0.893440301471
97850000.0	97950000.0	0.740792017716
97950000.0	98050000.0	0.848191204273
98200000.0	98300000.0	0.785907394509
98450000.0	98550000.0	0.85264248582
98500000.0	98600000.0	0.806180696685
98550000.0	98650000.0	0.819150188811
98650000.0	98750000.0	0.734247439673
98700000.0	98800000.0	0.791238449212
98750000.0	98850000.0	0.706066414291
98800000.0	98900000.0	0.620416349017
98850000.0	98950000.0	0.745464269664
98900000.0	99000000.0	0.848824802877
98950000.0	99050000.0	0.888560239033
99000000.0	99100000.0	0.775807023162
99050000.0	99150000.0	0.802961408697
99100000.0	99200000.0	0.733604252243
99150000.0	99250000.0	0.724906410565
99200000.0	99300000.0	0.890505251218
99300000.0	99400000.0	0.806934964674
99350000.0	99450000.0	0.578846044811
99400000.0	99500000.0	0.806243472925
99450000.0	99550000.0	0.584305109244
99600000.0	99700000.0	0.746874875649
99650000.0	99750000.0	0.641045650354
99700000.0	99800000.0	0.754445632089
99800000.0	99900000.0	0.867442710922
99900000.0	100000000.0	0.888018691852
99950000.0	100050000.0	0.823778598394
100250000.0	100350000.0	0.897504612269
100300000.0	100400000.0	0.747848624934
100350000.0	100450000.0	0.838333066912
100400000.0	100500000.0	0.898984780156
100450000.0	100550000.0	0.840129613504
100550000.0	100650000.0	0.750829472277
100700000.0	100800000.0	0.848830342839
100750000.0	100850000.0	0.753069891738
100800000.0	100900000.0	0.766660562845
100850000.0	100950000.0	0.813062901548
101000000.0	101100000.0	0.894654743631
101400000.0	101500000.0	0.706355587899
101450000.0	101550000.0	0.819988348815
101500000.0	101600000.0	0.892790834859
101650000.0	101750000.0	0.862768000992
101700000.0	101800000.0	0.835737232984
101750000.0	101850000.0	0.894071055078
101900000.0	102000000.0	0.710119190026
101950000.0	102050000.0	0.725993554356
102000000.0	102100000.0	0.835750618738
102050000.0	102150000.0	0.75108794707
102100000.0	102200000.0	0.884237360581
102150000.0	102250000.0	0.851217023602
102200000.0	102300000.0	0.838393647853
102250000.0	102350000.0	0.896844255098
102300000.0	102400000.0	0.888868082539
102350000.0	102450000.0	0.690747308767
102450000.0	102550000.0	0.883806646748
102500000.0	102600000.0	0.830817387279
102600000.0	102700000.0	0.792585417658
102750000.0	102850000.0	0.861260251266
102850000.0	102950000.0	0.803091009468
103350000.0	103450000.0	0.812515395788
103500000.0	103600000.0	0.800158974526
103550000.0	103650000.0	0.850038425668
103600000.0	103700000.0	0.800332111577
103700000.0	103800000.0	0.889599074269
103750000.0	103850000.0	0.612195738887
103800000.0	103900000.0	0.773377890441
103850000.0	103950000.0	0.894629480288
103950000.0	104050000.0	0.89406803154
104100000.0	104200000.0	0.799359501495
104150000.0	104250000.0	0.827850266141
104250000.0	104350000.0	0.835559408224
104450000.0	104550000.0	0.695631554288
104800000.0	104900000.0	0.455493920895
105000000.0	105100000.0	0.722941601353
105300000.0	105400000.0	0.843221362099
105350000.0	105450000.0	0.823417389743
105400000.0	105500000.0	0.874612205056
105450000.0	105550000.0	0.734436261989
105700000.0	105800000.0	0.713067570126
105750000.0	105850000.0	0.832070934217
105850000.0	105950000.0	0.64044160771
105900000.0	106000000.0	0.829368308029
105950000.0	106050000.0	0.817396523047
106000000.0	106100000.0	0.759990091105
106050000.0	106150000.0	0.897033588659
106100000.0	106200000.0	0.860155854127
106150000.0	106250000.0	0.788907501585
106300000.0	106400000.0	0.823372051848
106350000.0	106450000.0	0.61211784987
106450000.0	106550000.0	0.822102360764
106600000.0	106700000.0	0.778654029582
106650000.0	106750000.0	0.807481612612
106850000.0	106950000.0	0.86714674395
107000000.0	107100000.0	0.79581774997
107100000.0	107200000.0	0.675889798759
107150000.0	107250000.0	0.865354808567
107200000.0	107300000.0	0.650508240168
107250000.0	107350000.0	0.608400285831
107350000.0	107450000.0	0.783122424864
107650000.0	107750000.0	0.760694262263
107700000.0	107800000.0	0.756538480711
107750000.0	107850000.0	0.875264322733
107800000.0	107900000.0	0.897163922392
108050000.0	108150000.0	0.897360627229
108150000.0	108250000.0	0.863490027485
108500000.0	108600000.0	0.843471784748
108950000.0	109050000.0	0.879901322825
109000000.0	109100000.0	0.64332031565
109050000.0	109150000.0	0.878657745139
109100000.0	109200000.0	0.834124297551
109450000.0	109550000.0	0.863466643005
109700000.0	109800000.0	0.804525570833
109950000.0	110050000.0	0.875321454445
110050000.0	110150000.0	0.813545796777
110100000.0	110200000.0	0.838427189869
110150000.0	110250000.0	0.871775977336
110250000.0	110350000.0	0.76880510505
110300000.0	110400000.0	0.852095949676
110350000.0	110450000.0	0.789293707615
110400000.0	110500000.0	0.837639397286
110450000.0	110550000.0	0.744670146554
110500000.0	110600000.0	0.891198357736
110550000.0	110650000.0	0.501974669707
110600000.0	110700000.0	0.869232234672
110700000.0	110800000.0	0.784708759248
110850000.0	110950000.0	0.865741789959
111300000.0	111400000.0	0.774270655502
111350000.0	111450000.0	0.842419516123
111400000.0	111500000.0	0.824786821559
111450000.0	111550000.0	0.796413966075
111600000.0	111700000.0	0.656434743428
111650000.0	111750000.0	0.868611034529
111700000.0	111800000.0	0.695297329572
111750000.0	111850000.0	0.843287939154
112450000.0	112550000.0	0.863259459493
112500000.0	112600000.0	0.765602317952
112700000.0	112800000.0	0.897911443049
113250000.0	113350000.0	0.851498685219
113450000.0	113550000.0	0.853217710038
113500000.0	113600000.0	0.854897743903
113550000.0	113650000.0	0.820912116833
113700000.0	113800000.0	0.843905882967
113800000.0	113900000.0	0.849777192365
113850000.0	113950000.0	0.782742469582
113950000.0	114050000.0	0.882181288699
114000000.0	114100000.0	0.874004667721
114350000.0	114450000.0	0.890072908163
114650000.0	114750000.0	0.814051784562
114700000.0	114800000.0	0.809190922354
114750000.0	114850000.0	0.894493132997
114800000.0	114900000.0	0.85006037694
114850000.0	114950000.0	0.8612487608
115050000.0	115150000.0	0.884997669162
115450000.0	115550000.0	0.899625651767
115650000.0	115750000.0	0.837537396314
115750000.0	115850000.0	0.662156270672
115850000.0	115950000.0	0.813941654555
115900000.0	116000000.0	0.847812721298
116000000.0	116100000.0	0.86452037998
116250000.0	116350000.0	0.675721255946
116300000.0	116400000.0	0.873593893615
116500000.0	116600000.0	0.890109892149
116650000.0	116750000.0	0.705918805875
116750000.0	116850000.0	0.28271436119
116800000.0	116900000.0	0.711828356826
116850000.0	116950000.0	0.775744979544
117150000.0	117250000.0	0.897303363642
117200000.0	117300000.0	0.836747547416
117300000.0	117400000.0	0.770101785198
117350000.0	117450000.0	0.79653899993
117400000.0	117500000.0	0.803690687969
117550000.0	117650000.0	0.741982851612
117650000.0	117750000.0	0.89646294125
117700000.0	117800000.0	0.749842996878
117800000.0	117900000.0	0.839017285574
117850000.0	117950000.0	0.740131452486
118150000.0	118250000.0	0.8310663742
118500000.0	118600000.0	0.821698786407
118600000.0	118700000.0	0.83304303004
119000000.0	119100000.0	0.881315053326
119050000.0	119150000.0	0.875580356462
119100000.0	119200000.0	0.873343949179
119250000.0	119350000.0	0.681503469248
119400000.0	119500000.0	0.848333799802
119450000.0	119550000.0	0.851420359086
119500000.0	119600000.0	0.832809249824
119600000.0	119700000.0	0.88469805626
119700000.0	119800000.0	0.805874001838
119750000.0	119850000.0	0.860705336386
119800000.0	119900000.0	0.741587626633
119950000.0	120050000.0	0.718717788244
120100000.0	120200000.0	0.783993511027
120250000.0	120350000.0	0.787282231797
120350000.0	120450000.0	0.719946918227
120450000.0	120550000.0	0.570310989173
120500000.0	120600000.0	0.806553612727
120600000.0	120700000.0	0.894178973251
120650000.0	120750000.0	0.812830093985
120700000.0	120800000.0	0.853506657577
120850000.0	120950000.0	0.793298082528
120900000.0	121000000.0	0.835642325778
121100000.0	121200000.0	0.840666346136
121150000.0	121250000.0	0.887064616834
121200000.0	121300000.0	0.860850464571
121250000.0	121350000.0	0.879690441641
121400000.0	121500000.0	0.810484483625
121450000.0	121550000.0	0.819258652393
121500000.0	121600000.0	0.892502072288
121550000.0	121650000.0	0.722450196162
121650000.0	121750000.0	0.784792296072
121700000.0	121800000.0	0.813320382201
121800000.0	121900000.0	0.811417417387
121900000.0	122000000.0	0.785987234743
121950000.0	122050000.0	0.899408889472
122050000.0	122150000.0	0.882012707623
122400000.0	122500000.0	0.885727184804
122450000.0	122550000.0	0.853392909704
122500000.0	122600000.0	0.880607777889
122550000.0	122650000.0	0.79162308174
123000000.0	123100000.0	0.85619929566
123050000.0	123150000.0	0.82330731895
123150000.0	123250000.0	0.823545782826
123250000.0	123350000.0	0.8862525107
123400000.0	123500000.0	0.863050310664
123450000.0	123550000.0	0.676499505848
123500000.0	123600000.0	0.891276626984
123650000.0	123750000.0	0.88783258971
123750000.0	123850000.0	0.866256939477
123800000.0	123900000.0	0.75152060505
123850000.0	123950000.0	0.893366188419
124200000.0	124300000.0	0.88464046237
124650000.0	124750000.0	0.565053385275
124800000.0	124900000.0	0.856363433274
124850000.0	124950000.0	0.791786484381
125050000.0	125150000.0	0.82890058422
125100000.0	125200000.0	0.643205261956
125150000.0	125250000.0	0.700418053107
125200000.0	125300000.0	0.865796716927
125250000.0	125350000.0	0.899962135128
125300000.0	125400000.0	0.802788007505
125350000.0	125450000.0	0.863515539996
125650000.0	125750000.0	0.790205398823
126150000.0	126250000.0	0.849568912005
126200000.0	126300000.0	0.889470753536
126400000.0	126500000.0	0.753157244908
126450000.0	126550000.0	0.870845524598
126700000.0	126800000.0	0.841882843427
126800000.0	126900000.0	0.826253967027
127000000.0	127100000.0	0.791156967965
127050000.0	127150000.0	0.744156411146
127350000.0	127450000.0	0.829405494942
127500000.0	127600000.0	0.84052074905
127550000.0	127650000.0	0.870814616897
127700000.0	127800000.0	0.626645470788
127850000.0	127950000.0	0.889871251879
127900000.0	128000000.0	0.843829394371
127950000.0	128050000.0	0.632144220444
128200000.0	128300000.0	0.748033365321
128250000.0	128350000.0	0.733902774469
128400000.0	128500000.0	0.825238435752
128450000.0	128550000.0	0.820142034923
128500000.0	128600000.0	0.775808045059
128550000.0	128650000.0	0.746757171047
128600000.0	128700000.0	0.843341596759
128750000.0	128850000.0	0.847101102508
128850000.0	128950000.0	0.817004868099
128900000.0	129000000.0	0.819643528762
129000000.0	129100000.0	0.790259709728
129200000.0	129300000.0	0.897406034792
129300000.0	129400000.0	0.873180878631
129350000.0	129450000.0	0.827379923355
129400000.0	129500000.0	0.838896690085
129500000.0	129600000.0	0.871858091662
129550000.0	129650000.0	0.824111172751
129950000.0	130050000.0	0.892395097199
130050000.0	130150000.0	0.80911876318
130100000.0	130200000.0	0.857011100156
130150000.0	130250000.0	0.843846162244
130200000.0	130300000.0	0.858058863702
130300000.0	130400000.0	0.875087696039
130350000.0	130450000.0	0.882269394081
130400000.0	130500000.0	0.841536097069
130550000.0	130650000.0	0.883407990873
130600000.0	130700000.0	0.862511465386
130650000.0	130750000.0	0.884682861146
130950000.0	131050000.0	0.891088561066
131150000.0	131250000.0	0.848811804272
131200000.0	131300000.0	0.895862531322
131350000.0	131450000.0	0.727094704722
131400000.0	131500000.0	0.71846258201
131600000.0	131700000.0	0.81325217387
131900000.0	132000000.0	0.895593112098
132100000.0	132200000.0	0.799329747717
132400000.0	132500000.0	0.889831402804
132450000.0	132550000.0	0.721480894033
132700000.0	132800000.0	0.874632348956
132900000.0	133000000.0	0.870123689236
133100000.0	133200000.0	0.839368216395
133150000.0	133250000.0	0.67294113157
133200000.0	133300000.0	0.831114194576
133450000.0	133550000.0	0.87107825027
134550000.0	134650000.0	0.455609217179
134700000.0	134800000.0	0.583017001771
134950000.0	135050000.0	0.222525271582
135000000.0	135100000.0	0.713641117635
135100000.0	135200000.0	0.839825390403
135200000.0	135300000.0	0.673850795128
135250000.0	135350000.0	0.81954549297
135300000.0	135400000.0	0.828848493505
135400000.0	135500000.0	0.723368970559
135500000.0	135600000.0	0.878780384574
135600000.0	135700000.0	0.677738373626
135650000.0	135750000.0	0.769093692304
135700000.0	135800000.0	0.757289734871
135850000.0	135950000.0	0.650412838851
135950000.0	136050000.0	0.703255004266
136000000.0	136100000.0	0.856212974877
136050000.0	136150000.0	0.882780403776
136100000.0	136200000.0	0.890662234129
136200000.0	136300000.0	0.743546129888
136400000.0	136500000.0	0.891217198261
136500000.0	136600000.0	0.357682504087
136550000.0	136650000.0	0.856227464116
136600000.0	136700000.0	0.695737219381
136700000.0	136800000.0	0.82600348066
136800000.0	136900000.0	0.662811888804
136850000.0	136950000.0	0.890464153944
136950000.0	137050000.0	0.795239921305
137000000.0	137100000.0	0.853496639083
138000000.0	138100000.0	0.882626544144
138150000.0	138250000.0	0.898866894694
138350000.0	138450000.0	0.823330995355
138400000.0	138500000.0	0.899157272127
138450000.0	138550000.0	0.760943140041
138700000.0	138800000.0	0.854849618564
138750000.0	138850000.0	0.432705214189
138800000.0	138900000.0	0.581362228728
139500000.0	139600000.0	0.810731685594
139800000.0	139900000.0	0.881295730436
139850000.0	139950000.0	0.86349562924
140550000.0	140650000.0	0.893870861224
142150000.0	142250000.0	0.884035892302
142200000.0	142300000.0	0.821218346469
142250000.0	142350000.0	0.819623228237
142350000.0	142450000.0	0.865301749348
142450000.0	142550000.0	0.878079890967
142500000.0	142600000.0	0.68077048083
142850000.0	142950000.0	0.694686417863
142950000.0	143050000.0	0.847033434749
143050000.0	143150000.0	0.84989936521
143250000.0	143350000.0	0.874868106972
143800000.0	143900000.0	0.766549081765
143850000.0	143950000.0	0.650350967466
144150000.0	144250000.0	0.739761319961
144200000.0	144300000.0	0.876752705615
144250000.0	144350000.0	0.830028155509
144300000.0	144400000.0	0.843592344495
144400000.0	144500000.0	0.763537459061
144450000.0	144550000.0	0.773844649545
144500000.0	144600000.0	0.869511783459
144550000.0	144650000.0	0.880250451271
144600000.0	144700000.0	0.888220560193
144650000.0	144750000.0	0.85866480301
144700000.0	144800000.0	0.873331753064
144750000.0	144850000.0	0.874341467427
144850000.0	144950000.0	0.866404004602
144900000.0	145000000.0	0.697864712763
145200000.0	145300000.0	0.899322864773
145250000.0	145350000.0	0.889743023423
145350000.0	145450000.0	0.759742187828
145800000.0	145900000.0	0.889889503439
146000000.0	146100000.0	0.7448564001
146150000.0	146250000.0	0.81696516866
146250000.0	146350000.0	0.863216496266
146400000.0	146500000.0	0.888131099408
146700000.0	146800000.0	0.817680068006
146750000.0	146850000.0	0.801298137595
146900000.0	147000000.0	0.841870725411
147050000.0	147150000.0	0.882421250613
147150000.0	147250000.0	0.833581504431
147200000.0	147300000.0	0.89878101121
147250000.0	147350000.0	0.898487355181
147450000.0	147550000.0	0.86129206128
147550000.0	147650000.0	0.844608082131
147600000.0	147700000.0	0.793200965634
147650000.0	147750000.0	0.899783489416
147750000.0	147850000.0	0.82476826431
147900000.0	148000000.0	0.844955251807
147950000.0	148050000.0	0.847766126984
148100000.0	148200000.0	0.765773513392
148150000.0	148250000.0	0.662750478837
148250000.0	148350000.0	0.854574413133
148300000.0	148400000.0	0.837733425668
148900000.0	149000000.0	0.853606292092
149150000.0	149250000.0	0.883408812299
149200000.0	149300000.0	0.897889907243
149750000.0	149850000.0	0.893225242565
150050000.0	150150000.0	0.883596827291
150100000.0	150200000.0	0.898716071939
150150000.0	150250000.0	0.899529333112
150300000.0	150400000.0	0.868655447974
150400000.0	150500000.0	0.872819313909
150900000.0	151000000.0	0.81529303113
151000000.0	151100000.0	0.88248836288
151150000.0	151250000.0	0.823881389131
151200000.0	151300000.0	0.866847604337
151300000.0	151400000.0	0.788772084847
151450000.0	151550000.0	0.867921946453
151550000.0	151650000.0	0.895063144055
151650000.0	151750000.0	0.713853904879
151750000.0	151850000.0	0.885027253678
151800000.0	151900000.0	0.78085957431
151900000.0	152000000.0	0.792626407053
151950000.0	152050000.0	0.892684002396
152050000.0	152150000.0	0.666182532314
152100000.0	152200000.0	0.789970126045
152200000.0	152300000.0	0.888132041822
152250000.0	152350000.0	0.71457588496
152400000.0	152500000.0	0.868298010221
152500000.0	152600000.0	0.536940143259
152600000.0	152700000.0	0.89634587204
152650000.0	152750000.0	0.727985484175
152750000.0	152850000.0	0.84902574787
152800000.0	152900000.0	0.729268032466
152900000.0	153000000.0	0.65077046324
153000000.0	153100000.0	0.861680921793
153050000.0	153150000.0	0.894743170299
153150000.0	153250000.0	0.82393616199
153700000.0	153800000.0	0.832164286597
153750000.0	153850000.0	0.822961212682
153850000.0	153950000.0	0.812748064139
154100000.0	154200000.0	0.887922235321
154400000.0	154500000.0	0.882906615626
154500000.0	154600000.0	0.871258498202
154800000.0	154900000.0	0.837166126574
154850000.0	154950000.0	0.837592210737
155000000.0	155100000.0	0.726357813267
155050000.0	155150000.0	0.641940070738
155100000.0	155200000.0	0.162819512865
155150000.0	155250000.0	0.507965942337
155200000.0	155300000.0	0.757730658186
155350000.0	155450000.0	0.472644320102
155400000.0	155500000.0	0.862875737712
155450000.0	155550000.0	0.869548572426
155550000.0	155650000.0	0.892652055609
155700000.0	155800000.0	0.865357352136
155950000.0	156050000.0	0.887409469614
156000000.0	156100000.0	0.824434443198
156050000.0	156150000.0	0.834821508669
156200000.0	156300000.0	0.898473851367
156250000.0	156350000.0	0.853732614351
156800000.0	156900000.0	0.858454283792
156900000.0	157000000.0	0.897324928914
157250000.0	157350000.0	0.837224195243
157550000.0	157650000.0	0.891089370175
157600000.0	157700000.0	0.891351660361
157800000.0	157900000.0	0.66821279591
158050000.0	158150000.0	0.73285916089
158100000.0	158200000.0	0.851290749046
158150000.0	158250000.0	0.853797209908
158200000.0	158300000.0	0.840533669371
158250000.0	158350000.0	0.843902257607
158300000.0	158400000.0	0.853732410338
158400000.0	158500000.0	0.86474323891
158450000.0	158550000.0	0.849593468876
158550000.0	158650000.0	0.850001677621
158750000.0	158850000.0	0.813288422564
158850000.0	158950000.0	0.765788033021
159250000.0	159350000.0	0.870911985967
159350000.0	159450000.0	0.879840967661
159950000.0	160050000.0	0.882213471637
160000000.0	160100000.0	0.868733594256
160050000.0	160150000.0	0.813272490203
160100000.0	160200000.0	0.833767623337
160350000.0	160450000.0	0.789949801867
160450000.0	160550000.0	0.806938794207
160600000.0	160700000.0	0.817184201994
160650000.0	160750000.0	0.869050737778
160850000.0	160950000.0	0.654771847669
160900000.0	161000000.0	0.71255208172
160950000.0	161050000.0	0.776136675389
161000000.0	161100000.0	0.770237401232
161150000.0	161250000.0	0.877176404966
161200000.0	161300000.0	0.881818278441
161300000.0	161400000.0	0.79675389199
161400000.0	161500000.0	0.885833772463
161450000.0	161550000.0	0.8725603451
161500000.0	161600000.0	0.669557014834
161550000.0	161650000.0	0.815432245683
161650000.0	161750000.0	0.876711819804
161800000.0	161900000.0	0.783584284517
162000000.0	162100000.0	0.895053416282
162100000.0	162200000.0	0.764636582791
162200000.0	162300000.0	0.786885333267
162650000.0	162750000.0	0.874666844941
162700000.0	162800000.0	0.899730157989
162900000.0	163000000.0	0.853547387027
163100000.0	163200000.0	0.884028428159
163150000.0	163250000.0	0.815996436543
163350000.0	163450000.0	0.85596454657
163500000.0	163600000.0	0.845837302178
163650000.0	163750000.0	0.84368612385
163800000.0	163900000.0	0.801521733081
163900000.0	164000000.0	0.758799663197
164100000.0	164200000.0	0.89021751301
164500000.0	164600000.0	0.89860636434
164700000.0	164800000.0	0.69399481594
164750000.0	164850000.0	0.814676113257
164800000.0	164900000.0	0.88051203527
164850000.0	164950000.0	0.891197574777
164900000.0	165000000.0	0.888629564962
165400000.0	165500000.0	0.840535850208
165500000.0	165600000.0	0.689114277387
165550000.0	165650000.0	0.794314868545
165600000.0	165700000.0	0.757580877948
165750000.0	165850000.0	0.817733470232
165800000.0	165900000.0	0.898909690609
165900000.0	166000000.0	0.812866009225
166300000.0	166400000.0	0.878321311913
166600000.0	166700000.0	0.634130605678
166700000.0	166800000.0	0.878967995434
166800000.0	166900000.0	0.869001696923
167000000.0	167100000.0	0.879273094105
167100000.0	167200000.0	0.767336117813
167250000.0	167350000.0	0.85540630036
167300000.0	167400000.0	0.76803965762
167450000.0	167550000.0	0.856710798874
167550000.0	167650000.0	0.868633395354
168050000.0	168150000.0	0.86939103347
168150000.0	168250000.0	0.885035722054
168450000.0	168550000.0	0.887612883566
168550000.0	168650000.0	0.877575502942
168750000.0	168850000.0	0.842516537282
169200000.0	169300000.0	0.799963633847
169400000.0	169500000.0	0.82735274832
169500000.0	169600000.0	0.861758654277
169550000.0	169650000.0	0.794627398063
169600000.0	169700000.0	0.898140422624
169650000.0	169750000.0	0.892612584703
169750000.0	169850000.0	0.821309395694
170000000.0	170100000.0	0.838391309645
170150000.0	170250000.0	0.804108694564
170200000.0	170300000.0	0.789772090954
170350000.0	170450000.0	0.884958050048
170450000.0	170550000.0	0.694347912031
170500000.0	170600000.0	0.884506783952
171000000.0	171100000.0	0.807355080193
171050000.0	171150000.0	0.709347147765
171100000.0	171200000.0	0.861700021024
171300000.0	171400000.0	0.881466407511
172750000.0	172850000.0	0.797720513721
173000000.0	173100000.0	0.870949119971
173800000.0	173900000.0	0.886995965924
174500000.0	174600000.0	0.897282971112
174550000.0	174650000.0	0.869038905005
174750000.0	174850000.0	0.84486693063
174850000.0	174950000.0	0.854674628756
175100000.0	175200000.0	0.780745550297
175150000.0	175250000.0	0.877953361687
175200000.0	175300000.0	0.820947390654
175250000.0	175350000.0	0.811603718594
175300000.0	175400000.0	0.534533958665
175350000.0	175450000.0	0.553878356068
175400000.0	175500000.0	0.508655191615
175450000.0	175550000.0	0.443955073575
175500000.0	175600000.0	0.666731476551
175550000.0	175650000.0	0.849246815929
175600000.0	175700000.0	0.690835572157
175650000.0	175750000.0	0.647746547106
175700000.0	175800000.0	0.838666036612
176150000.0	176250000.0	0.753685398199
177000000.0	177100000.0	0.815130309635
177050000.0	177150000.0	0.622790567244
177100000.0	177200000.0	0.492003017528
177150000.0	177250000.0	0.42154393823
177200000.0	177300000.0	0.495432477061
177250000.0	177350000.0	0.55007461889
177300000.0	177400000.0	0.670831397698
177350000.0	177450000.0	0.768996547622
177400000.0	177500000.0	0.680603439314
177450000.0	177550000.0	0.776544098599
177650000.0	177750000.0	0.826078108213
177700000.0	177800000.0	0.894893713823
177900000.0	178000000.0	0.888837220199
178000000.0	178100000.0	0.898080640336
178450000.0	178550000.0	0.891314633747
179050000.0	179150000.0	0.87803642968
179200000.0	179300000.0	0.86031238626
179300000.0	179400000.0	0.828138877303
179750000.0	179850000.0	0.854904354084
180250000.0	180350000.0	0.86050884169
180300000.0	180400000.0	0.874062160729
180450000.0	180550000.0	0.897186652594
180500000.0	180600000.0	0.875698647013
180650000.0	180750000.0	0.630689311083
180700000.0	180800000.0	0.239221550601
180750000.0	180850000.0	0.128257730635
180800000.0	180900000.0	0.150698129492
