start	end	avg.score
0.0	100000.0	0.59135228845
150000.0	250000.0	0.676533291195
200000.0	300000.0	0.429939469179
250000.0	350000.0	0.649525219465
550000.0	650000.0	0.799847327968
600000.0	700000.0	0.793779894467
1050000.0	1150000.0	0.890303522815
1150000.0	1250000.0	0.896220705253
1400000.0	1500000.0	0.880703125613
1850000.0	1950000.0	0.870301482766
1950000.0	2050000.0	0.784982153509
2050000.0	2150000.0	0.861320188818
2550000.0	2650000.0	0.750582087637
2700000.0	2800000.0	0.887511281055
2750000.0	2850000.0	0.843410649188
3500000.0	3600000.0	0.810094314043
3550000.0	3650000.0	0.733214947823
3650000.0	3750000.0	0.886733019117
3750000.0	3850000.0	0.894127620602
4150000.0	4250000.0	0.893267831075
4550000.0	4650000.0	0.748651855464
4600000.0	4700000.0	0.802775025581
5850000.0	5950000.0	0.872712893907
5900000.0	6000000.0	0.675446470458
5950000.0	6050000.0	0.638594849191
6000000.0	6100000.0	0.865041199448
6200000.0	6300000.0	0.84799226408
6700000.0	6800000.0	0.819669151999
6750000.0	6850000.0	0.622502142283
6800000.0	6900000.0	0.614350277709
6850000.0	6950000.0	0.709005042719
6900000.0	7000000.0	0.720259635137
6950000.0	7050000.0	0.685028387621
7000000.0	7100000.0	0.81747488689
7300000.0	7400000.0	0.676680213462
7550000.0	7650000.0	0.807358066529
7650000.0	7750000.0	0.859802755762
7850000.0	7950000.0	0.845534411336
8300000.0	8400000.0	0.86825297446
8350000.0	8450000.0	0.760740341996
8400000.0	8500000.0	0.8957189596
8550000.0	8650000.0	0.855347552832
8600000.0	8700000.0	0.864692152527
8650000.0	8750000.0	0.60889524312
8700000.0	8800000.0	0.821023800088
8900000.0	9000000.0	0.807216377019
9050000.0	9150000.0	0.899612081779
9250000.0	9350000.0	0.684062482585
9350000.0	9450000.0	0.797881968013
9400000.0	9500000.0	0.873842781983
9450000.0	9550000.0	0.786854787734
9550000.0	9650000.0	0.857868035638
9600000.0	9700000.0	0.839991371074
9650000.0	9750000.0	0.871594839743
9900000.0	10000000.0	0.875217871158
10000000.0	10100000.0	0.692322925212
10050000.0	10150000.0	0.805187929743
10200000.0	10300000.0	0.882103761414
10250000.0	10350000.0	0.853375331729
10300000.0	10400000.0	0.862281766631
10500000.0	10600000.0	0.892165983231
10550000.0	10650000.0	0.893051382986
10800000.0	10900000.0	0.783664230803
11150000.0	11250000.0	0.877502156169
11250000.0	11350000.0	0.897118189027
11300000.0	11400000.0	0.784772045824
11400000.0	11500000.0	0.722995283859
11450000.0	11550000.0	0.870832199802
11500000.0	11600000.0	0.739194181007
11700000.0	11800000.0	0.821783109242
11750000.0	11850000.0	0.85743695939
11850000.0	11950000.0	0.658547887501
12000000.0	12100000.0	0.880635546758
12150000.0	12250000.0	0.826889476243
12250000.0	12350000.0	0.850228735797
12400000.0	12500000.0	0.676923602424
12450000.0	12550000.0	0.898022010761
12650000.0	12750000.0	0.747295451799
13000000.0	13100000.0	0.869184747271
13100000.0	13200000.0	0.830012195164
13350000.0	13450000.0	0.791602816881
13600000.0	13700000.0	0.871557512894
13750000.0	13850000.0	0.876877630982
13800000.0	13900000.0	0.842785759916
14000000.0	14100000.0	0.886512571056
14300000.0	14400000.0	0.805957649267
14350000.0	14450000.0	0.899542676764
14400000.0	14500000.0	0.898848752577
14550000.0	14650000.0	0.722913452397
14600000.0	14700000.0	0.866602770342
14650000.0	14750000.0	0.695987159138
14750000.0	14850000.0	0.899354147486
14800000.0	14900000.0	0.827825207416
14850000.0	14950000.0	0.663269854447
15000000.0	15100000.0	0.774161318406
15050000.0	15150000.0	0.686596297714
15200000.0	15300000.0	0.888813052286
15250000.0	15350000.0	0.679342698434
15500000.0	15600000.0	0.805565234536
15550000.0	15650000.0	0.854382786433
15600000.0	15700000.0	0.869767541288
15650000.0	15750000.0	0.883927926849
15750000.0	15850000.0	0.811861092865
15900000.0	16000000.0	0.82008637277
16100000.0	16200000.0	0.769498790128
16150000.0	16250000.0	0.837136362995
16250000.0	16350000.0	0.866515599888
16500000.0	16600000.0	0.821911479012
16950000.0	17050000.0	0.856004881632
17050000.0	17150000.0	0.889222426839
17350000.0	17450000.0	0.84364060459
17700000.0	17800000.0	0.891133905338
17900000.0	18000000.0	0.892220998064
18100000.0	18200000.0	0.840558074326
18200000.0	18300000.0	0.893407904174
18250000.0	18350000.0	0.654240528454
18400000.0	18500000.0	0.763274281726
18500000.0	18600000.0	0.820654531876
18650000.0	18750000.0	0.846654562725
18700000.0	18800000.0	0.497888546078
18750000.0	18850000.0	0.773696004751
18800000.0	18900000.0	0.71766771781
18900000.0	19000000.0	0.814555730356
18950000.0	19050000.0	0.830312778908
19000000.0	19100000.0	0.824265423184
19100000.0	19200000.0	0.592064434522
19150000.0	19250000.0	0.64839840495
19200000.0	19300000.0	0.849357598364
19350000.0	19450000.0	0.67994686007
19400000.0	19500000.0	0.825445796707
19450000.0	19550000.0	0.730041499987
19600000.0	19700000.0	0.585925487069
19650000.0	19750000.0	0.849671574764
19750000.0	19850000.0	0.774049124773
19800000.0	19900000.0	0.721361151816
19850000.0	19950000.0	0.816589218761
19900000.0	20000000.0	0.752514075171
19950000.0	20050000.0	0.899710979842
20050000.0	20150000.0	0.88292628227
20100000.0	20200000.0	0.871926596781
20250000.0	20350000.0	0.830913667549
20400000.0	20500000.0	0.785057898922
20550000.0	20650000.0	0.863094286973
20600000.0	20700000.0	0.88633771182
20650000.0	20750000.0	0.888984929199
20950000.0	21050000.0	0.866748334634
21150000.0	21250000.0	0.884507093532
21200000.0	21300000.0	0.798136587932
21350000.0	21450000.0	0.758197562491
21700000.0	21800000.0	0.799535706087
21750000.0	21850000.0	0.832727155621
22100000.0	22200000.0	0.870860282138
22150000.0	22250000.0	0.844106013537
22300000.0	22400000.0	0.893365881211
22450000.0	22550000.0	0.795708600936
22500000.0	22600000.0	0.759139333354
22550000.0	22650000.0	0.848730354912
22650000.0	22750000.0	0.707313896389
22700000.0	22800000.0	0.816701091311
23000000.0	23100000.0	0.643682112105
23050000.0	23150000.0	0.748545551951
23850000.0	23950000.0	0.869962879606
23950000.0	24050000.0	0.879058997614
24000000.0	24100000.0	0.777287526111
24050000.0	24150000.0	0.843234610594
24350000.0	24450000.0	0.889082424607
24400000.0	24500000.0	0.814478471355
24500000.0	24600000.0	0.797310121295
24550000.0	24650000.0	0.70109705974
24600000.0	24700000.0	0.74043506661
24650000.0	24750000.0	0.877886448392
24700000.0	24800000.0	0.827588594458
24950000.0	25050000.0	0.792541446946
25000000.0	25100000.0	0.876101486994
25050000.0	25150000.0	0.862506421583
25300000.0	25400000.0	0.43327408189
25450000.0	25550000.0	0.880155764877
25500000.0	25600000.0	0.842169381889
25550000.0	25650000.0	0.840628459759
25600000.0	25700000.0	0.837153297685
25650000.0	25750000.0	0.704984667374
25700000.0	25800000.0	0.854151092514
25750000.0	25850000.0	0.875641373186
25850000.0	25950000.0	0.837142244982
25900000.0	26000000.0	0.608226424228
25950000.0	26050000.0	0.844251125387
26000000.0	26100000.0	0.820630677246
26100000.0	26200000.0	0.786073905909
26400000.0	26500000.0	0.572713875574
26650000.0	26750000.0	0.804628560118
26900000.0	27000000.0	0.885018275586
26950000.0	27050000.0	0.877123577563
27200000.0	27300000.0	0.891656023423
27250000.0	27350000.0	0.872763171025
27550000.0	27650000.0	0.560288015398
27650000.0	27750000.0	0.835115579592
27950000.0	28050000.0	0.83971168215
28000000.0	28100000.0	0.802388297294
28250000.0	28350000.0	0.899846624408
28350000.0	28450000.0	0.853552845967
28450000.0	28550000.0	0.894755122561
28500000.0	28600000.0	0.708633179407
28750000.0	28850000.0	0.894438995846
28800000.0	28900000.0	0.824449797908
28850000.0	28950000.0	0.823975178871
28900000.0	29000000.0	0.792234403379
29000000.0	29100000.0	0.853466134762
29350000.0	29450000.0	0.884336676628
29400000.0	29500000.0	0.848219408474
29550000.0	29650000.0	0.830430327806
29600000.0	29700000.0	0.894100455546
29650000.0	29750000.0	0.821066642723
29700000.0	29800000.0	0.788128668354
29850000.0	29950000.0	0.806218050797
30200000.0	30300000.0	0.712881708837
30250000.0	30350000.0	0.720797207936
30400000.0	30500000.0	0.719780851621
30450000.0	30550000.0	0.839516936527
30700000.0	30800000.0	0.632408349289
30800000.0	30900000.0	0.760324368258
30900000.0	31000000.0	0.421526334526
31100000.0	31200000.0	0.330785043838
31150000.0	31250000.0	0.829433356644
31250000.0	31350000.0	0.831806559744
31450000.0	31550000.0	0.773710613671
31500000.0	31600000.0	0.844828107836
31600000.0	31700000.0	0.868449942167
31700000.0	31800000.0	0.469756363504
31900000.0	32000000.0	0.711850054368
31950000.0	32050000.0	0.783870378445
32100000.0	32200000.0	0.781443914953
32400000.0	32500000.0	0.883763071654
32650000.0	32750000.0	0.802143779846
32700000.0	32800000.0	0.662131105447
32750000.0	32850000.0	0.778017913812
32800000.0	32900000.0	0.827033241882
32850000.0	32950000.0	0.867792789134
32950000.0	33050000.0	0.817066038214
33000000.0	33100000.0	0.839329986391
33350000.0	33450000.0	0.869977350035
33500000.0	33600000.0	0.884095827208
33550000.0	33650000.0	0.861979976896
33700000.0	33800000.0	0.765128120464
34050000.0	34150000.0	0.63018416663
34100000.0	34200000.0	0.761193208061
34150000.0	34250000.0	0.876261040769
34200000.0	34300000.0	0.87605771316
34300000.0	34400000.0	0.893612224084
34350000.0	34450000.0	0.858617742278
34450000.0	34550000.0	0.879947064277
34550000.0	34650000.0	0.876427742674
34600000.0	34700000.0	0.798012067167
34650000.0	34750000.0	0.809606790196
34700000.0	34800000.0	0.819635624215
34750000.0	34850000.0	0.859410812364
34800000.0	34900000.0	0.869817732396
34850000.0	34950000.0	0.870440568583
34900000.0	35000000.0	0.840869667202
34950000.0	35050000.0	0.86458048859
35000000.0	35100000.0	0.898672852631
35050000.0	35150000.0	0.732895736313
35100000.0	35200000.0	0.582262533419
35150000.0	35250000.0	0.611320786351
35200000.0	35300000.0	0.736794545317
35400000.0	35500000.0	0.781531522016
35450000.0	35550000.0	0.779574091773
35500000.0	35600000.0	0.86341459018
35600000.0	35700000.0	0.863592120332
35900000.0	36000000.0	0.805128763765
35950000.0	36050000.0	0.822366547689
36400000.0	36500000.0	0.872660122088
36550000.0	36650000.0	0.874196369067
36650000.0	36750000.0	0.788026338369
36700000.0	36800000.0	0.858557770108
36900000.0	37000000.0	0.456275324649
37000000.0	37100000.0	0.863884416734
37100000.0	37200000.0	0.804666281247
37150000.0	37250000.0	0.806400990038
37250000.0	37350000.0	0.76911384046
37400000.0	37500000.0	0.852013082139
37600000.0	37700000.0	0.866213876042
37750000.0	37850000.0	0.867537751493
38100000.0	38200000.0	0.883547192666
38250000.0	38350000.0	0.728065468288
38350000.0	38450000.0	0.89645257152
38550000.0	38650000.0	0.863951571106
39000000.0	39100000.0	0.489065408993
39100000.0	39200000.0	0.858990965281
39150000.0	39250000.0	0.874538002341
39250000.0	39350000.0	0.8000030785
39300000.0	39400000.0	0.8323253405
39350000.0	39450000.0	0.861017018494
39500000.0	39600000.0	0.866006718808
39750000.0	39850000.0	0.724340035852
39800000.0	39900000.0	0.787679893578
39850000.0	39950000.0	0.88583847843
39950000.0	40050000.0	0.893793488687
40350000.0	40450000.0	0.898915410077
40450000.0	40550000.0	0.882881100101
40750000.0	40850000.0	0.72200891341
40850000.0	40950000.0	0.893764742774
40900000.0	41000000.0	0.896994392116
41200000.0	41300000.0	0.881340499917
41600000.0	41700000.0	0.877127573466
41950000.0	42050000.0	0.86263919088
42050000.0	42150000.0	0.889578292137
42100000.0	42200000.0	0.807667499723
42300000.0	42400000.0	0.865645320288
42350000.0	42450000.0	0.78624676105
42500000.0	42600000.0	0.882969511191
42550000.0	42650000.0	0.749244333897
42650000.0	42750000.0	0.887979842369
42750000.0	42850000.0	0.863406876965
42800000.0	42900000.0	0.783802004835
42850000.0	42950000.0	0.818662953292
43050000.0	43150000.0	0.818013448007
43150000.0	43250000.0	0.845537823139
43200000.0	43300000.0	0.792146348505
43400000.0	43500000.0	0.891433897052
43500000.0	43600000.0	0.859035214222
43800000.0	43900000.0	0.816370079443
43950000.0	44050000.0	0.715932867794
44000000.0	44100000.0	0.547409453024
44050000.0	44150000.0	0.81924543278
44300000.0	44400000.0	0.891961811584
44800000.0	44900000.0	0.86549107514
45000000.0	45100000.0	0.709682564306
45250000.0	45350000.0	0.77019920508
45350000.0	45450000.0	0.855630390614
45400000.0	45500000.0	0.815701286361
45650000.0	45750000.0	0.769513577094
45700000.0	45800000.0	0.832596757096
45750000.0	45850000.0	0.481382407796
45800000.0	45900000.0	0.544674705294
45850000.0	45950000.0	0.832743253797
45900000.0	46000000.0	0.752020452049
45950000.0	46050000.0	0.716283395861
46200000.0	46300000.0	0.834539249558
46350000.0	46450000.0	0.822100376923
46400000.0	46500000.0	0.792485990961
46450000.0	46550000.0	0.79676767944
46500000.0	46600000.0	0.808194545194
46550000.0	46650000.0	0.728953395476
46650000.0	46750000.0	0.814331620592
46750000.0	46850000.0	0.798065862053
46800000.0	46900000.0	0.743273504264
46850000.0	46950000.0	0.853668096798
46900000.0	47000000.0	0.863261045877
46950000.0	47050000.0	0.850090636173
47100000.0	47200000.0	0.823868722111
47250000.0	47350000.0	0.868643788308
48100000.0	48200000.0	0.840341862731
48250000.0	48350000.0	0.859025962936
48400000.0	48500000.0	0.896222449669
48500000.0	48600000.0	0.899564444437
48550000.0	48650000.0	0.886016424826
48600000.0	48700000.0	0.882301087704
48700000.0	48800000.0	0.806821836143
48750000.0	48850000.0	0.821359638534
48800000.0	48900000.0	0.782165661441
48850000.0	48950000.0	0.768905326249
48900000.0	49000000.0	0.879520231584
49200000.0	49300000.0	0.87187493172
49300000.0	49400000.0	0.718735697939
49450000.0	49550000.0	0.726586373616
49600000.0	49700000.0	0.861465166432
49650000.0	49750000.0	0.821982703421
49700000.0	49800000.0	0.883462649198
49850000.0	49950000.0	0.77874577041
50150000.0	50250000.0	0.874093525183
50300000.0	50400000.0	0.515746546396
50350000.0	50450000.0	0.531893944835
50400000.0	50500000.0	0.864156747877
50450000.0	50550000.0	0.686776179441
50750000.0	50850000.0	0.734812745011
50850000.0	50950000.0	0.844644598513
50900000.0	51000000.0	0.823066262758
50950000.0	51050000.0	0.869062225396
51200000.0	51300000.0	0.859364909259
51400000.0	51500000.0	0.806327032674
51450000.0	51550000.0	0.832079244721
51650000.0	51750000.0	0.793988747267
51700000.0	51800000.0	0.804872908953
51800000.0	51900000.0	0.77755659466
51850000.0	51950000.0	0.856000778269
51900000.0	52000000.0	0.866867306873
52200000.0	52300000.0	0.837634691502
52250000.0	52350000.0	0.894579862255
52300000.0	52400000.0	0.765168629941
52700000.0	52800000.0	0.865557292894
52850000.0	52950000.0	0.890088091991
52900000.0	53000000.0	0.829970816809
52950000.0	53050000.0	0.862153078992
53000000.0	53100000.0	0.795905533139
53100000.0	53200000.0	0.808160203132
53400000.0	53500000.0	0.83499606579
53500000.0	53600000.0	0.510258766687
53550000.0	53650000.0	0.86711940064
53600000.0	53700000.0	0.688378536368
53650000.0	53750000.0	0.825826386003
53750000.0	53850000.0	0.882485943689
54050000.0	54150000.0	0.884845680836
54200000.0	54300000.0	0.864565755955
54250000.0	54350000.0	0.58592433215
54300000.0	54400000.0	0.849873251404
54350000.0	54450000.0	0.860352865126
54500000.0	54600000.0	0.830719329954
54950000.0	55050000.0	0.844110077242
55050000.0	55150000.0	0.890781356974
55150000.0	55250000.0	0.671585958732
55200000.0	55300000.0	0.782160788332
55250000.0	55350000.0	0.854363116403
55300000.0	55400000.0	0.807935089159
55600000.0	55700000.0	0.858059828384
55650000.0	55750000.0	0.8822166621
55700000.0	55800000.0	0.731180133369
55750000.0	55850000.0	0.693498251789
55800000.0	55900000.0	0.835479777811
56300000.0	56400000.0	0.87441661396
56350000.0	56450000.0	0.674495666693
56400000.0	56500000.0	0.616055363431
56450000.0	56550000.0	0.802158627644
56750000.0	56850000.0	0.840016137392
56800000.0	56900000.0	0.581960326356
56850000.0	56950000.0	0.481049879839
56900000.0	57000000.0	0.528296622507
56950000.0	57050000.0	0.522883971189
57000000.0	57100000.0	0.516701418509
57050000.0	57150000.0	0.495070836442
57100000.0	57200000.0	0.486631921284
57150000.0	57250000.0	0.758144718744
57550000.0	57650000.0	0.881459588551
57600000.0	57700000.0	0.761609677525
57650000.0	57750000.0	0.745014152221
57700000.0	57800000.0	0.755044785239
57750000.0	57850000.0	0.741135027653
57800000.0	57900000.0	0.768983439698
57850000.0	57950000.0	0.702043394585
57900000.0	58000000.0	0.842821731201
57950000.0	58050000.0	0.898635034141
58000000.0	58100000.0	0.465783228182
58050000.0	58150000.0	0.034895
58100000.0	58200000.0	0.0
58150000.0	58250000.0	0.0
58200000.0	58300000.0	0.0
58250000.0	58350000.0	0.0
58300000.0	58400000.0	0.0
58350000.0	58450000.0	0.0
58400000.0	58500000.0	0.0
58450000.0	58550000.0	0.0
58500000.0	58600000.0	0.0
58550000.0	58650000.0	0.0
58600000.0	58700000.0	0.0
58650000.0	58750000.0	0.0
58700000.0	58800000.0	0.0
58750000.0	58850000.0	0.0
58800000.0	58900000.0	0.0
58850000.0	58950000.0	0.0
58900000.0	59000000.0	0.0
58950000.0	59050000.0	0.0
59000000.0	59100000.0	0.0
59050000.0	59150000.0	0.0
59100000.0	59200000.0	0.0
59150000.0	59250000.0	0.0
59200000.0	59300000.0	0.0
59250000.0	59350000.0	0.0
59300000.0	59400000.0	0.0
59350000.0	59450000.0	0.0
59400000.0	59500000.0	0.0
59450000.0	59550000.0	0.0
59500000.0	59600000.0	0.0
59550000.0	59650000.0	0.0
59600000.0	59700000.0	0.0
59650000.0	59750000.0	0.0
59700000.0	59800000.0	0.0
59750000.0	59850000.0	0.0
59800000.0	59900000.0	0.0
59850000.0	59950000.0	0.0
59900000.0	60000000.0	0.0
59950000.0	60050000.0	0.0
60000000.0	60100000.0	0.0
60050000.0	60150000.0	0.0
60100000.0	60200000.0	0.0
60150000.0	60250000.0	0.0
60200000.0	60300000.0	0.0
60250000.0	60350000.0	0.0
60300000.0	60400000.0	0.0
60350000.0	60450000.0	0.0
60400000.0	60500000.0	0.0
60450000.0	60550000.0	0.0
60500000.0	60600000.0	0.0
60550000.0	60650000.0	0.0
60600000.0	60700000.0	0.0
60650000.0	60750000.0	0.0
60700000.0	60800000.0	0.0
60750000.0	60850000.0	0.0
60800000.0	60900000.0	0.0
60850000.0	60950000.0	0.0
60900000.0	61000000.0	0.0
60950000.0	61050000.0	0.0
61000000.0	61100000.0	0.298867364317
61050000.0	61150000.0	0.320594764692
61100000.0	61200000.0	0.043357199052
61150000.0	61250000.0	0.0707394368213
61200000.0	61300000.0	0.208517185243
61250000.0	61350000.0	0.193591926398
61300000.0	61400000.0	0.172423343751
61350000.0	61450000.0	0.320874507953
61400000.0	61500000.0	0.227566272835
61450000.0	61550000.0	0.378685495502
61500000.0	61600000.0	0.61535351008
61550000.0	61650000.0	0.384671312481
61600000.0	61700000.0	0.293942984454
61650000.0	61750000.0	0.299322436215
61700000.0	61800000.0	0.590426456778
61750000.0	61850000.0	0.649224319988
61800000.0	61900000.0	0.735436667127
61850000.0	61950000.0	0.620105770114
61900000.0	62000000.0	0.458398466542
61950000.0	62050000.0	0.761768968447
62050000.0	62150000.0	0.890857256084
62500000.0	62600000.0	0.888454995197
62600000.0	62700000.0	0.865306656162
62650000.0	62750000.0	0.724087420095
62700000.0	62800000.0	0.526048558686
62750000.0	62850000.0	0.567401704183
62800000.0	62900000.0	0.577785517333
62850000.0	62950000.0	0.499127731356
62900000.0	63000000.0	0.490925922412
62950000.0	63050000.0	0.510158195823
63000000.0	63100000.0	0.519629977788
63050000.0	63150000.0	0.521330291899
63100000.0	63200000.0	0.519655292354
63150000.0	63250000.0	0.464327074421
63200000.0	63300000.0	0.570875331234
63250000.0	63350000.0	0.812458402685
63550000.0	63650000.0	0.893190927169
63600000.0	63700000.0	0.889601580305
63850000.0	63950000.0	0.880694455694
64100000.0	64200000.0	0.880305388985
64450000.0	64550000.0	0.687736898972
64500000.0	64600000.0	0.606756017051
64550000.0	64650000.0	0.444966744231
64600000.0	64700000.0	0.559138838773
64650000.0	64750000.0	0.806622144793
64850000.0	64950000.0	0.887625591961
64900000.0	65000000.0	0.718851802081
64950000.0	65050000.0	0.443219596661
65000000.0	65100000.0	0.492568768092
65050000.0	65150000.0	0.492057337575
65100000.0	65200000.0	0.461355400853
65150000.0	65250000.0	0.693341731433
65200000.0	65300000.0	0.850375962754
65250000.0	65350000.0	0.874405909902
65300000.0	65400000.0	0.884925179046
66400000.0	66500000.0	0.856463179517
66450000.0	66550000.0	0.813895312163
66500000.0	66600000.0	0.789949073367
66550000.0	66650000.0	0.765234602403
66600000.0	66700000.0	0.756971211237
66650000.0	66750000.0	0.704004380136
66700000.0	66800000.0	0.670764007307
66750000.0	66850000.0	0.813037928222
67050000.0	67150000.0	0.894615780459
69300000.0	69400000.0	0.881222040665
69450000.0	69550000.0	0.810434282213
69500000.0	69600000.0	0.846065136606
69600000.0	69700000.0	0.716133418187
69850000.0	69950000.0	0.898481047532
70050000.0	70150000.0	0.898469228179
70250000.0	70350000.0	0.874281109154
71300000.0	71400000.0	0.888557746165
71600000.0	71700000.0	0.87797343234
71800000.0	71900000.0	0.880394540799
71950000.0	72050000.0	0.847573329927
72000000.0	72100000.0	0.762991859928
72050000.0	72150000.0	0.753498124476
72100000.0	72200000.0	0.774079071755
72150000.0	72250000.0	0.824714201843
72200000.0	72300000.0	0.843982499148
72250000.0	72350000.0	0.708319318661
72300000.0	72400000.0	0.680411462865
72350000.0	72450000.0	0.633825308626
72400000.0	72500000.0	0.385355542683
72450000.0	72550000.0	0.237480012381
72500000.0	72600000.0	0.248948898578
72550000.0	72650000.0	0.322843431467
72600000.0	72700000.0	0.383980386926
72650000.0	72750000.0	0.575714971067
72700000.0	72800000.0	0.843076725911
72750000.0	72850000.0	0.898873174631
74100000.0	74200000.0	0.640383294926
74150000.0	74250000.0	0.388509592376
74200000.0	74300000.0	0.448445809428
74250000.0	74350000.0	0.402201478111
74300000.0	74400000.0	0.333408792137
74350000.0	74450000.0	0.420440951891
74400000.0	74500000.0	0.549213920227
74450000.0	74550000.0	0.538583992833
74500000.0	74600000.0	0.42063385595
74550000.0	74650000.0	0.349668556554
74600000.0	74700000.0	0.292658200756
74650000.0	74750000.0	0.152440656814
74700000.0	74800000.0	0.194285891655
74750000.0	74850000.0	0.413061203123
74800000.0	74900000.0	0.3673964984
74850000.0	74950000.0	0.225336040011
74900000.0	75000000.0	0.187745619722
74950000.0	75050000.0	0.33165308108
75000000.0	75100000.0	0.554737774048
75050000.0	75150000.0	0.532119671734
75100000.0	75200000.0	0.686985142341
76000000.0	76100000.0	0.828479650565
76050000.0	76150000.0	0.663956556234
76100000.0	76200000.0	0.528811035417
76150000.0	76250000.0	0.506437953849
76200000.0	76300000.0	0.580421951372
76250000.0	76350000.0	0.592578314942
76300000.0	76400000.0	0.596290700675
76350000.0	76450000.0	0.606027219484
76400000.0	76500000.0	0.638342803543
76450000.0	76550000.0	0.621390479062
76500000.0	76600000.0	0.602713585581
76550000.0	76650000.0	0.556272969996
76600000.0	76700000.0	0.405085850902
76650000.0	76750000.0	0.425408898569
76700000.0	76800000.0	0.589129032249
76750000.0	76850000.0	0.768371924099
77800000.0	77900000.0	0.86650990803
77850000.0	77950000.0	0.789727560773
78000000.0	78100000.0	0.764954672489
78300000.0	78400000.0	0.878501259893
78600000.0	78700000.0	0.688492020406
78800000.0	78900000.0	0.83796858095
78900000.0	79000000.0	0.756240569138
78950000.0	79050000.0	0.877745446064
79000000.0	79100000.0	0.89237504794
79050000.0	79150000.0	0.853850144266
79100000.0	79200000.0	0.860373314383
79450000.0	79550000.0	0.858573815005
79550000.0	79650000.0	0.897773541388
79900000.0	80000000.0	0.780707934637
80250000.0	80350000.0	0.680309297955
80300000.0	80400000.0	0.78911330321
80350000.0	80450000.0	0.847981088427
80950000.0	81050000.0	0.831343362035
81150000.0	81250000.0	0.815427812681
81200000.0	81300000.0	0.88126136348
81400000.0	81500000.0	0.831061079795
81500000.0	81600000.0	0.89487036438
81550000.0	81650000.0	0.8220477303
81650000.0	81750000.0	0.823274397056
81800000.0	81900000.0	0.523678113063
81850000.0	81950000.0	0.872283437183
82050000.0	82150000.0	0.890697140481
82200000.0	82300000.0	0.836736192555
82250000.0	82350000.0	0.887103684605
82400000.0	82500000.0	0.896422392908
82500000.0	82600000.0	0.769101853452
82550000.0	82650000.0	0.796616748986
82600000.0	82700000.0	0.8763849873
82800000.0	82900000.0	0.843840954238
82900000.0	83000000.0	0.761067618878
82950000.0	83050000.0	0.774361681114
83150000.0	83250000.0	0.890751613749
83350000.0	83450000.0	0.837932943394
83500000.0	83600000.0	0.76635484212
83600000.0	83700000.0	0.768560011396
83650000.0	83750000.0	0.849893621416
83850000.0	83950000.0	0.793114866576
83900000.0	84000000.0	0.578314684353
83950000.0	84050000.0	0.739063345384
84000000.0	84100000.0	0.892244117917
84200000.0	84300000.0	0.879585392061
84250000.0	84350000.0	0.858643805683
84300000.0	84400000.0	0.881059107866
84550000.0	84650000.0	0.879500758407
84600000.0	84700000.0	0.888721091211
84650000.0	84750000.0	0.823359228284
84800000.0	84900000.0	0.85246123529
84850000.0	84950000.0	0.838888283367
84900000.0	85000000.0	0.579654513469
85100000.0	85200000.0	0.503513847158
85200000.0	85300000.0	0.776323015746
85250000.0	85350000.0	0.70169057139
85400000.0	85500000.0	0.788301944296
85550000.0	85650000.0	0.84061650704
85600000.0	85700000.0	0.770981796344
85650000.0	85750000.0	0.795918190199
85750000.0	85850000.0	0.863425185321
85800000.0	85900000.0	0.869127870589
85850000.0	85950000.0	0.884499564467
85900000.0	86000000.0	0.768488899624
85950000.0	86050000.0	0.881353325408
86000000.0	86100000.0	0.888023951528
86050000.0	86150000.0	0.760839953882
86100000.0	86200000.0	0.794986634766
86150000.0	86250000.0	0.88890645967
86300000.0	86400000.0	0.821958238061
86400000.0	86500000.0	0.886755039239
86500000.0	86600000.0	0.890849963155
86550000.0	86650000.0	0.721459200497
86600000.0	86700000.0	0.760554947081
86650000.0	86750000.0	0.860336807945
86750000.0	86850000.0	0.767365544637
86800000.0	86900000.0	0.890625032116
86850000.0	86950000.0	0.756298703774
87000000.0	87100000.0	0.832549316873
87050000.0	87150000.0	0.868158133423
87300000.0	87400000.0	0.870596677471
87550000.0	87650000.0	0.897868424291
87750000.0	87850000.0	0.810850841444
87950000.0	88050000.0	0.486058808559
88150000.0	88250000.0	0.882890275847
88200000.0	88300000.0	0.828200968298
88400000.0	88500000.0	0.5925909696
88450000.0	88550000.0	0.605479846656
88550000.0	88650000.0	0.736332578073
88750000.0	88850000.0	0.621866981551
88850000.0	88950000.0	0.873884234326
89000000.0	89100000.0	0.78244668397
89100000.0	89200000.0	0.849508396063
89350000.0	89450000.0	0.875029554614
89400000.0	89500000.0	0.881898473749
89450000.0	89550000.0	0.812908876083
89600000.0	89700000.0	0.850896648442
89650000.0	89750000.0	0.733195059446
89700000.0	89800000.0	0.737064074803
89750000.0	89850000.0	0.807614777575
89850000.0	89950000.0	0.857398419421
90100000.0	90200000.0	0.88508448866
90200000.0	90300000.0	0.857837146838
90250000.0	90350000.0	0.802148819001
90300000.0	90400000.0	0.858956764078
90350000.0	90450000.0	0.841177969607
90900000.0	91000000.0	0.778680927212
90950000.0	91050000.0	0.851966268363
91000000.0	91100000.0	0.852948997238
91050000.0	91150000.0	0.754437718799
91100000.0	91200000.0	0.831128866845
91150000.0	91250000.0	0.89158293602
91200000.0	91300000.0	0.83629558704
91350000.0	91450000.0	0.899146014497
91500000.0	91600000.0	0.818585490089
91900000.0	92000000.0	0.833979085891
91950000.0	92050000.0	0.877321447999
92250000.0	92350000.0	0.836316710126
92350000.0	92450000.0	0.711438390275
92450000.0	92550000.0	0.601300996576
92500000.0	92600000.0	0.82411147052
92600000.0	92700000.0	0.899851380707
92850000.0	92950000.0	0.831553967389
92900000.0	93000000.0	0.806583782931
92950000.0	93050000.0	0.867584829694
93150000.0	93250000.0	0.896787256248
93200000.0	93300000.0	0.758461771975
93250000.0	93350000.0	0.798971793469
93450000.0	93550000.0	0.897971573174
93600000.0	93700000.0	0.806220606604
93700000.0	93800000.0	0.817827428414
93750000.0	93850000.0	0.876087632945
94050000.0	94150000.0	0.651802153643
94250000.0	94350000.0	0.829064695527
94300000.0	94400000.0	0.843416981759
94800000.0	94900000.0	0.88366299218
94950000.0	95050000.0	0.838990632078
95000000.0	95100000.0	0.894854748324
95150000.0	95250000.0	0.872319228561
95250000.0	95350000.0	0.797024652899
95350000.0	95450000.0	0.877385857714
95500000.0	95600000.0	0.811122319448
95550000.0	95650000.0	0.767777313695
95650000.0	95750000.0	0.762768077066
95750000.0	95850000.0	0.802893232732
95950000.0	96050000.0	0.894756688577
96150000.0	96250000.0	0.870094233733
96250000.0	96350000.0	0.870627739359
96400000.0	96500000.0	0.837764923521
96550000.0	96650000.0	0.898543809052
96600000.0	96700000.0	0.882993693195
96800000.0	96900000.0	0.894118259509
96900000.0	97000000.0	0.887316161534
97100000.0	97200000.0	0.803681034066
97150000.0	97250000.0	0.871987896071
97250000.0	97350000.0	0.880579110162
97300000.0	97400000.0	0.77825551583
97350000.0	97450000.0	0.860261476202
97400000.0	97500000.0	0.885121800232
97450000.0	97550000.0	0.738314184363
97500000.0	97600000.0	0.55591131083
97550000.0	97650000.0	0.758818493075
98250000.0	98350000.0	0.881275117094
99250000.0	99350000.0	0.89236129493
99750000.0	99850000.0	0.851316113247
99800000.0	99900000.0	0.798916794587
99850000.0	99950000.0	0.624597509102
99900000.0	100000000.0	0.746334561481
100500000.0	100600000.0	0.51889191237
100550000.0	100650000.0	0.358527952928
100600000.0	100700000.0	0.840042593456
100800000.0	100900000.0	0.744557605398
101200000.0	101300000.0	0.807845232684
101250000.0	101350000.0	0.786910719947
101300000.0	101400000.0	0.837565240716
101900000.0	102000000.0	0.79492843944
101950000.0	102050000.0	0.693800182653
102000000.0	102100000.0	0.898726507922
102050000.0	102150000.0	0.700837918327
102100000.0	102200000.0	0.479592059303
102150000.0	102250000.0	0.381517210029
102200000.0	102300000.0	0.375506770784
102250000.0	102350000.0	0.419581605354
102300000.0	102400000.0	0.522648776443
102350000.0	102450000.0	0.606508957612
102400000.0	102500000.0	0.78369204626
102750000.0	102850000.0	0.802864130584
102800000.0	102900000.0	0.623382060333
102850000.0	102950000.0	0.676902122476
102900000.0	103000000.0	0.872451617031
103200000.0	103300000.0	0.862786414054
103300000.0	103400000.0	0.786401365304
103350000.0	103450000.0	0.704064216176
103450000.0	103550000.0	0.827275553525
103500000.0	103600000.0	0.81801808916
103600000.0	103700000.0	0.854084743669
103650000.0	103750000.0	0.804672221949
103750000.0	103850000.0	0.872326867625
103800000.0	103900000.0	0.790585128694
103850000.0	103950000.0	0.889131053806
103900000.0	104000000.0	0.813106809962
103950000.0	104050000.0	0.847970257973
104150000.0	104250000.0	0.851882218845
104300000.0	104400000.0	0.891073683759
104400000.0	104500000.0	0.883769796111
104450000.0	104550000.0	0.738123842708
104500000.0	104600000.0	0.894358372598
104650000.0	104750000.0	0.888009455402
104850000.0	104950000.0	0.865334126266
105800000.0	105900000.0	0.805076882091
105950000.0	106050000.0	0.858677611283
106100000.0	106200000.0	0.722055731947
106150000.0	106250000.0	0.830950895056
106300000.0	106400000.0	0.852035661267
106500000.0	106600000.0	0.814170609165
106750000.0	106850000.0	0.833095526649
106900000.0	107000000.0	0.896019702501
107000000.0	107100000.0	0.885753164033
107100000.0	107200000.0	0.870168430022
107250000.0	107350000.0	0.895404033587
107400000.0	107500000.0	0.83570193458
107700000.0	107800000.0	0.833322574077
107950000.0	108050000.0	0.681181515253
108000000.0	108100000.0	0.744101906945
108300000.0	108400000.0	0.852775776501
108450000.0	108550000.0	0.67200870789
108500000.0	108600000.0	0.847547450869
108550000.0	108650000.0	0.893021999558
108700000.0	108800000.0	0.852259141165
108800000.0	108900000.0	0.769290208577
108950000.0	109050000.0	0.801335634574
109000000.0	109100000.0	0.790289857733
109100000.0	109200000.0	0.770573000957
109200000.0	109300000.0	0.89215850959
109300000.0	109400000.0	0.824612265928
109350000.0	109450000.0	0.845301722034
109400000.0	109500000.0	0.825835112702
109450000.0	109550000.0	0.717572038225
109500000.0	109600000.0	0.887096114534
109600000.0	109700000.0	0.802943706351
109650000.0	109750000.0	0.742822227596
109750000.0	109850000.0	0.866182518469
109950000.0	110050000.0	0.858115645389
110050000.0	110150000.0	0.887501801249
110100000.0	110200000.0	0.871025048338
110250000.0	110350000.0	0.705000890976
110400000.0	110500000.0	0.404920644845
110500000.0	110600000.0	0.795869567664
110600000.0	110700000.0	0.791839892586
110650000.0	110750000.0	0.877013936754
110800000.0	110900000.0	0.566833978261
111000000.0	111100000.0	0.89468073599
111050000.0	111150000.0	0.742927803162
111100000.0	111200000.0	0.881269078073
111200000.0	111300000.0	0.842991157789
111550000.0	111650000.0	0.89928740311
111800000.0	111900000.0	0.842119606651
111900000.0	112000000.0	0.869072885835
112000000.0	112100000.0	0.810490768852
112100000.0	112200000.0	0.891532243503
112350000.0	112450000.0	0.889780341983
112550000.0	112650000.0	0.856148722848
112800000.0	112900000.0	0.876399901831
112850000.0	112950000.0	0.654742234564
112950000.0	113050000.0	0.743243300792
113050000.0	113150000.0	0.751695926304
113100000.0	113200000.0	0.775286768618
113150000.0	113250000.0	0.8634602699
113300000.0	113400000.0	0.876075772527
113350000.0	113450000.0	0.808364838179
113450000.0	113550000.0	0.895440788336
113600000.0	113700000.0	0.831658271022
113650000.0	113750000.0	0.689051617083
113750000.0	113850000.0	0.750306162963
113800000.0	113900000.0	0.891997937311
114000000.0	114100000.0	0.842400768422
114050000.0	114150000.0	0.653207965135
114200000.0	114300000.0	0.794851992638
114300000.0	114400000.0	0.874071004544
114500000.0	114600000.0	0.715529343759
114600000.0	114700000.0	0.614206698972
114650000.0	114750000.0	0.795409577519
114700000.0	114800000.0	0.881256702712
114750000.0	114850000.0	0.633855646543
115050000.0	115150000.0	0.886335333927
115150000.0	115250000.0	0.849584103102
115200000.0	115300000.0	0.804121502719
115450000.0	115550000.0	0.793876120228
115550000.0	115650000.0	0.755416499775
115700000.0	115800000.0	0.816249004086
115850000.0	115950000.0	0.821010972814
115900000.0	116000000.0	0.825265583629
115950000.0	116050000.0	0.869135488751
116000000.0	116100000.0	0.874263440665
116250000.0	116350000.0	0.716286418844
116350000.0	116450000.0	0.890911074245
116850000.0	116950000.0	0.773085049854
116950000.0	117050000.0	0.810412266468
117200000.0	117300000.0	0.873684503134
117300000.0	117400000.0	0.773139960651
117350000.0	117450000.0	0.769766659292
117800000.0	117900000.0	0.784188404108
118100000.0	118200000.0	0.833141375068
118150000.0	118250000.0	0.822338469407
118300000.0	118400000.0	0.880755232776
118400000.0	118500000.0	0.861233850398
118450000.0	118550000.0	0.866457692021
118750000.0	118850000.0	0.872932226365
118900000.0	119000000.0	0.72091774111
119150000.0	119250000.0	0.856361952945
119200000.0	119300000.0	0.801295375078
119350000.0	119450000.0	0.800628975306
119400000.0	119500000.0	0.602617918616
119450000.0	119550000.0	0.849539234948
119700000.0	119800000.0	0.824652707806
119800000.0	119900000.0	0.875912960869
119900000.0	120000000.0	0.587903078066
120000000.0	120100000.0	0.680569190206
120100000.0	120200000.0	0.633260825347
120150000.0	120250000.0	0.552362367625
120200000.0	120300000.0	0.744817285975
120300000.0	120400000.0	0.891149131758
120350000.0	120450000.0	0.863854026704
120500000.0	120600000.0	0.868386147408
120600000.0	120700000.0	0.889174215115
120800000.0	120900000.0	0.891213278264
120850000.0	120950000.0	0.838054093913
120900000.0	121000000.0	0.641734761965
121000000.0	121100000.0	0.866738750187
121400000.0	121500000.0	0.826786860166
121450000.0	121550000.0	0.856460326276
121800000.0	121900000.0	0.868971871959
121850000.0	121950000.0	0.848520840915
121900000.0	122000000.0	0.838740498895
121950000.0	122050000.0	0.581908697402
122050000.0	122150000.0	0.812098369904
122100000.0	122200000.0	0.581760612544
122250000.0	122350000.0	0.815824254379
122450000.0	122550000.0	0.858308164915
122700000.0	122800000.0	0.851300413003
122950000.0	123050000.0	0.867827697571
123000000.0	123100000.0	0.872400226282
123050000.0	123150000.0	0.80324634043
123100000.0	123200000.0	0.822370558977
123150000.0	123250000.0	0.856961846582
123350000.0	123450000.0	0.764469636749
123500000.0	123600000.0	0.879728543032
123600000.0	123700000.0	0.749596694319
123750000.0	123850000.0	0.865361916181
123800000.0	123900000.0	0.859023463822
123900000.0	124000000.0	0.792062585001
124000000.0	124100000.0	0.619227044681
124050000.0	124150000.0	0.828553790832
124200000.0	124300000.0	0.780248383669
124300000.0	124400000.0	0.807594433607
124400000.0	124500000.0	0.826418573527
124800000.0	124900000.0	0.848119036211
124850000.0	124950000.0	0.844524294221
125000000.0	125100000.0	0.748620829338
125250000.0	125350000.0	0.842881488933
125300000.0	125400000.0	0.849653039293
125400000.0	125500000.0	0.807935486725
125500000.0	125600000.0	0.7246488771
125750000.0	125850000.0	0.890562107556
125800000.0	125900000.0	0.893865490891
125900000.0	126000000.0	0.867899713967
126150000.0	126250000.0	0.785376918564
126400000.0	126500000.0	0.488845047275
126450000.0	126550000.0	0.702332220868
126500000.0	126600000.0	0.802858688229
126750000.0	126850000.0	0.763734395898
126900000.0	127000000.0	0.834840900873
127000000.0	127100000.0	0.834222646971
127050000.0	127150000.0	0.826217274914
127350000.0	127450000.0	0.79571573688
127500000.0	127600000.0	0.696233010884
127650000.0	127750000.0	0.87212830396
127700000.0	127800000.0	0.775420661555
127800000.0	127900000.0	0.834013978576
127850000.0	127950000.0	0.84850210251
128050000.0	128150000.0	0.88173978387
128100000.0	128200000.0	0.773076576355
128150000.0	128250000.0	0.781202735784
128200000.0	128300000.0	0.603457961993
128250000.0	128350000.0	0.703359044394
128450000.0	128550000.0	0.838758508134
128800000.0	128900000.0	0.881298210105
128950000.0	129050000.0	0.898534926752
130100000.0	130200000.0	0.507748225319
130150000.0	130250000.0	0.0211
130200000.0	130300000.0	0.366045018228
130250000.0	130350000.0	0.851445008157
130600000.0	130700000.0	0.895605615266
131650000.0	131750000.0	0.807931949352
131900000.0	132000000.0	0.640303318602
132150000.0	132250000.0	0.850843473235
132250000.0	132350000.0	0.757273258507
132300000.0	132400000.0	0.892761348602
132400000.0	132500000.0	0.891796794386
132550000.0	132650000.0	0.680097637526
132650000.0	132750000.0	0.879298303274
132800000.0	132900000.0	0.881532817682
133050000.0	133150000.0	0.872893991939
133250000.0	133350000.0	0.834387277381
133300000.0	133400000.0	0.812377418745
133400000.0	133500000.0	0.897397482089
133450000.0	133550000.0	0.852927525647
133500000.0	133600000.0	0.779161621411
133550000.0	133650000.0	0.799242153181
133850000.0	133950000.0	0.880849841862
133900000.0	134000000.0	0.893951151763
133950000.0	134050000.0	0.821917794729
134050000.0	134150000.0	0.850701849573
134300000.0	134400000.0	0.665876270394
134550000.0	134650000.0	0.897344964855
135050000.0	135150000.0	0.88896243773
135100000.0	135200000.0	0.895897761171
135400000.0	135500000.0	0.789245042509
135700000.0	135800000.0	0.896289571729
136050000.0	136150000.0	0.874032862861
136200000.0	136300000.0	0.783336895079
136350000.0	136450000.0	0.808700085
136400000.0	136500000.0	0.866959165528
136450000.0	136550000.0	0.852903054713
136550000.0	136650000.0	0.839857665995
136600000.0	136700000.0	0.897242190708
136700000.0	136800000.0	0.801232192519
136800000.0	136900000.0	0.84358585907
136850000.0	136950000.0	0.897315875888
136900000.0	137000000.0	0.747677177495
137000000.0	137100000.0	0.83744328806
137050000.0	137150000.0	0.603879220918
137150000.0	137250000.0	0.626568133974
137300000.0	137400000.0	0.899168056386
137700000.0	137800000.0	0.889551990375
137750000.0	137850000.0	0.794968511534
138550000.0	138650000.0	0.806665045412
138850000.0	138950000.0	0.843130282838
139100000.0	139200000.0	0.876066897539
139250000.0	139350000.0	0.878277678738
139300000.0	139400000.0	0.70434982361
139350000.0	139450000.0	0.704037704673
140000000.0	140100000.0	0.897702248259
140400000.0	140500000.0	0.877564564184
140450000.0	140550000.0	0.8778676109
140700000.0	140800000.0	0.88059461576
140850000.0	140950000.0	0.871283180756
140900000.0	141000000.0	0.890122562587
141400000.0	141500000.0	0.754674687335
141550000.0	141650000.0	0.875232233184
141600000.0	141700000.0	0.697952368034
141700000.0	141800000.0	0.749792435971
141950000.0	142050000.0	0.804411516217
142000000.0	142100000.0	0.456333836174
142050000.0	142150000.0	0.49090033139
142200000.0	142300000.0	0.703715385579
142250000.0	142350000.0	0.414460425622
142300000.0	142400000.0	0.694145202228
142600000.0	142700000.0	0.737937336576
142700000.0	142800000.0	0.898251038646
142750000.0	142850000.0	0.880117359599
143050000.0	143150000.0	0.844701689602
143150000.0	143250000.0	0.698569302553
143200000.0	143300000.0	0.394570484605
143250000.0	143350000.0	0.442260345162
143300000.0	143400000.0	0.167482443395
143350000.0	143450000.0	0.271944897308
143400000.0	143500000.0	0.501565530063
143450000.0	143550000.0	0.456742485466
143500000.0	143600000.0	0.616613904171
143550000.0	143650000.0	0.85450108769
143600000.0	143700000.0	0.831858340487
143800000.0	143900000.0	0.796658262031
143850000.0	143950000.0	0.455719053047
143900000.0	144000000.0	0.473971659563
143950000.0	144050000.0	0.467999425806
144000000.0	144100000.0	0.615155559065
144050000.0	144150000.0	0.844243043134
144150000.0	144250000.0	0.897947481302
144300000.0	144400000.0	0.895974969283
144850000.0	144950000.0	0.898416186568
144900000.0	145000000.0	0.882271148256
145100000.0	145200000.0	0.858418416097
145400000.0	145500000.0	0.508053640421
145450000.0	145550000.0	0.875896110812
145600000.0	145700000.0	0.864730721994
145650000.0	145750000.0	0.796617351218
145700000.0	145800000.0	0.779913023325
145800000.0	145900000.0	0.770066448116
145900000.0	146000000.0	0.808040656115
145950000.0	146050000.0	0.634935479749
146250000.0	146350000.0	0.818288950009
146350000.0	146450000.0	0.805714347615
146550000.0	146650000.0	0.738703981478
146600000.0	146700000.0	0.840911683995
146700000.0	146800000.0	0.783730531724
146850000.0	146950000.0	0.866334858448
147000000.0	147100000.0	0.87150621856
147400000.0	147500000.0	0.862051708997
147450000.0	147550000.0	0.81433693088
147500000.0	147600000.0	0.83103589781
147550000.0	147650000.0	0.877481978158
147650000.0	147750000.0	0.780271544403
148250000.0	148350000.0	0.869184988439
148600000.0	148700000.0	0.898917742349
148700000.0	148800000.0	0.842028704239
148950000.0	149050000.0	0.893948620567
149050000.0	149150000.0	0.871946940084
149150000.0	149250000.0	0.897604039639
149200000.0	149300000.0	0.876053648545
149500000.0	149600000.0	0.688941568925
149550000.0	149650000.0	0.772711463631
149600000.0	149700000.0	0.639433598009
149650000.0	149750000.0	0.635764666103
149700000.0	149800000.0	0.631680850663
149750000.0	149850000.0	0.634746725954
149800000.0	149900000.0	0.650239905289
149850000.0	149950000.0	0.651014622519
149900000.0	150000000.0	0.638739361998
149950000.0	150050000.0	0.795615481276
150100000.0	150200000.0	0.807427522525
150200000.0	150300000.0	0.89016866317
150250000.0	150350000.0	0.847528336251
150350000.0	150450000.0	0.835949453244
150400000.0	150500000.0	0.899712336375
150650000.0	150750000.0	0.855123128642
150750000.0	150850000.0	0.887602515308
151450000.0	151550000.0	0.793824715696
151750000.0	151850000.0	0.88647478042
151850000.0	151950000.0	0.755239968527
151900000.0	152000000.0	0.798817201976
152400000.0	152500000.0	0.843223109025
152450000.0	152550000.0	0.647393946877
152500000.0	152600000.0	0.813852379203
152800000.0	152900000.0	0.882972091755
152900000.0	153000000.0	0.857115314787
152950000.0	153050000.0	0.848164255137
153350000.0	153450000.0	0.812597879175
153400000.0	153500000.0	0.645719360831
153450000.0	153550000.0	0.749455969975
153500000.0	153600000.0	0.855218806333
153600000.0	153700000.0	0.782023676052
153650000.0	153750000.0	0.631418508296
153700000.0	153800000.0	0.635443245966
153750000.0	153850000.0	0.6382726855
153800000.0	153900000.0	0.76098756898
153900000.0	154000000.0	0.828426461894
154000000.0	154100000.0	0.819093547133
154100000.0	154200000.0	0.797733048042
154200000.0	154300000.0	0.62678149652
154250000.0	154350000.0	0.179856338435
154300000.0	154400000.0	0.288551351448
154350000.0	154450000.0	0.776391734948
154650000.0	154750000.0	0.870609788586
154750000.0	154850000.0	0.751223584853
154800000.0	154900000.0	0.880603873629
155150000.0	155250000.0	0.887974282408
155250000.0	155350000.0	0.714560339783
155500000.0	155600000.0	0.475954249322
155600000.0	155700000.0	0.893286469885
155850000.0	155950000.0	0.711118105838
156000000.0	156100000.0	0.744136555025
156300000.0	156400000.0	0.87673154194
156400000.0	156500000.0	0.857090327178
156650000.0	156750000.0	0.89717861192
156800000.0	156900000.0	0.898569796729
156900000.0	157000000.0	0.896358945843
157200000.0	157300000.0	0.838484287955
157750000.0	157850000.0	0.833207376418
157800000.0	157900000.0	0.898116162079
158050000.0	158150000.0	0.847508040757
158350000.0	158450000.0	0.88136116145
158800000.0	158900000.0	0.838868760064
158850000.0	158950000.0	0.880465698192
