start	end	avg.score
0.0	100000.0	0.160993759521
50000.0	150000.0	0.135808709675
100000.0	200000.0	0.445591589176
150000.0	250000.0	0.845671077862
200000.0	300000.0	0.827392902695
250000.0	350000.0	0.818370441134
300000.0	400000.0	0.680147270537
350000.0	450000.0	0.838964674528
600000.0	700000.0	0.866583440615
650000.0	750000.0	0.866244166939
750000.0	850000.0	0.894834783937
800000.0	900000.0	0.883721250279
850000.0	950000.0	0.789109994999
900000.0	1000000.0	0.866748293567
1000000.0	1100000.0	0.740052999425
1100000.0	1200000.0	0.738667026674
1150000.0	1250000.0	0.898622424157
1250000.0	1350000.0	0.867186459737
1300000.0	1400000.0	0.825770580333
1500000.0	1600000.0	0.79843951231
1550000.0	1650000.0	0.894298587151
1600000.0	1700000.0	0.881106656672
1650000.0	1750000.0	0.860568567433
1950000.0	2050000.0	0.863566148599
2100000.0	2200000.0	0.853787647282
2150000.0	2250000.0	0.841155421354
2200000.0	2300000.0	0.740904792123
2250000.0	2350000.0	0.790746024449
2350000.0	2450000.0	0.843683904948
2400000.0	2500000.0	0.476445806508
2600000.0	2700000.0	0.497707384504
2750000.0	2850000.0	0.782131043418
2800000.0	2900000.0	0.830865299563
2950000.0	3050000.0	0.878813954966
3000000.0	3100000.0	0.873185860623
3050000.0	3150000.0	0.84218912416
3100000.0	3200000.0	0.884275846273
3300000.0	3400000.0	0.890212754293
3350000.0	3450000.0	0.897584457028
3600000.0	3700000.0	0.890534378954
3700000.0	3800000.0	0.885931244135
3850000.0	3950000.0	0.843718037564
3900000.0	4000000.0	0.828888373285
3950000.0	4050000.0	0.766422744966
4100000.0	4200000.0	0.883726152485
4200000.0	4300000.0	0.870959769762
4250000.0	4350000.0	0.891987962058
4300000.0	4400000.0	0.881382115871
4350000.0	4450000.0	0.870345702695
4400000.0	4500000.0	0.784202259841
4450000.0	4550000.0	0.795465371071
4650000.0	4750000.0	0.895955829697
4700000.0	4800000.0	0.864665343903
4750000.0	4850000.0	0.866057134913
4950000.0	5050000.0	0.652201720269
5000000.0	5100000.0	0.864638893892
5150000.0	5250000.0	0.671241424736
5200000.0	5300000.0	0.892241608394
5300000.0	5400000.0	0.799800904877
5450000.0	5550000.0	0.833873226347
5500000.0	5600000.0	0.675939320065
5550000.0	5650000.0	0.832428456979
5600000.0	5700000.0	0.84678134208
5700000.0	5800000.0	0.893443150996
5750000.0	5850000.0	0.75092131851
5850000.0	5950000.0	0.897866065685
5950000.0	6050000.0	0.891422429387
6300000.0	6400000.0	0.830004936428
6400000.0	6500000.0	0.753958571736
6750000.0	6850000.0	0.819656702904
6800000.0	6900000.0	0.66308323822
6850000.0	6950000.0	0.791309239836
6900000.0	7000000.0	0.728046026782
6950000.0	7050000.0	0.535974411493
7000000.0	7100000.0	0.385564481549
7050000.0	7150000.0	0.215947415656
7100000.0	7200000.0	0.243113423345
7150000.0	7250000.0	0.436863633249
7200000.0	7300000.0	0.50165198365
7250000.0	7350000.0	0.50928976455
7300000.0	7400000.0	0.465159082048
7350000.0	7450000.0	0.280276709965
7400000.0	7500000.0	0.141738739552
7450000.0	7550000.0	0.133468245567
7500000.0	7600000.0	0.144337113713
7550000.0	7650000.0	0.192199769814
7600000.0	7700000.0	0.379229123352
7650000.0	7750000.0	0.518432333241
7700000.0	7800000.0	0.455230232339
7750000.0	7850000.0	0.4180145554
7800000.0	7900000.0	0.298123631481
7850000.0	7950000.0	0.27977260541
7900000.0	8000000.0	0.350453981156
7950000.0	8050000.0	0.393849901741
8000000.0	8100000.0	0.468445343605
8050000.0	8150000.0	0.771214726623
8150000.0	8250000.0	0.831629867736
8300000.0	8400000.0	0.88997918491
8350000.0	8450000.0	0.867376704148
8400000.0	8500000.0	0.831663765159
9200000.0	9300000.0	0.863314407522
9400000.0	9500000.0	0.795331065384
9450000.0	9550000.0	0.889134591526
9500000.0	9600000.0	0.837146794307
9950000.0	10050000.0	0.692211766329
10050000.0	10150000.0	0.803376533591
10100000.0	10200000.0	0.724742503352
10250000.0	10350000.0	0.707036083519
10300000.0	10400000.0	0.868810455233
10400000.0	10500000.0	0.846499014074
10450000.0	10550000.0	0.871958028009
10550000.0	10650000.0	0.798215646306
10700000.0	10800000.0	0.867000261267
10750000.0	10850000.0	0.854671481144
10800000.0	10900000.0	0.872276745883
10850000.0	10950000.0	0.878823053794
10900000.0	11000000.0	0.812603074768
11250000.0	11350000.0	0.895856154523
11400000.0	11500000.0	0.801825605546
11600000.0	11700000.0	0.822455270781
11800000.0	11900000.0	0.825324179266
11850000.0	11950000.0	0.500766955871
11900000.0	12000000.0	0.43225937157
11950000.0	12050000.0	0.406962422407
12000000.0	12100000.0	0.360647928432
12050000.0	12150000.0	0.189349600391
12100000.0	12200000.0	0.264686805534
12150000.0	12250000.0	0.460973571113
12200000.0	12300000.0	0.425571629891
12250000.0	12350000.0	0.380643003651
12300000.0	12400000.0	0.38702641693
12350000.0	12450000.0	0.497599922428
12400000.0	12500000.0	0.53566129711
12450000.0	12550000.0	0.552901205824
12500000.0	12600000.0	0.797660415509
12600000.0	12700000.0	0.803187117505
13400000.0	13500000.0	0.711378780804
13450000.0	13550000.0	0.814672098959
13700000.0	13800000.0	0.89899792987
13750000.0	13850000.0	0.773950066993
13800000.0	13900000.0	0.631755886983
14150000.0	14250000.0	0.823021830498
14200000.0	14300000.0	0.807366061995
14500000.0	14600000.0	0.876330674222
14600000.0	14700000.0	0.842091844836
14750000.0	14850000.0	0.78419546711
14900000.0	15000000.0	0.818270740324
14950000.0	15050000.0	0.811814320104
15150000.0	15250000.0	0.749125635157
15350000.0	15450000.0	0.87312274381
15400000.0	15500000.0	0.852604038026
15450000.0	15550000.0	0.78687716098
15650000.0	15750000.0	0.869734488646
15800000.0	15900000.0	0.807337297956
16000000.0	16100000.0	0.70109650849
16050000.0	16150000.0	0.862578888202
16100000.0	16200000.0	0.89388021208
16200000.0	16300000.0	0.517054661992
16250000.0	16350000.0	0.714505604024
16450000.0	16550000.0	0.755649065343
16600000.0	16700000.0	0.877436407634
16750000.0	16850000.0	0.886862043943
16950000.0	17050000.0	0.872542908944
17300000.0	17400000.0	0.783650921244
17700000.0	17800000.0	0.883379146517
17850000.0	17950000.0	0.891971684834
18150000.0	18250000.0	0.390692281131
18200000.0	18300000.0	0.88890347173
18350000.0	18450000.0	0.882253059324
18500000.0	18600000.0	0.895849266141
18950000.0	19050000.0	0.789372063135
19000000.0	19100000.0	0.856080080706
19350000.0	19450000.0	0.881768036467
19400000.0	19500000.0	0.862129114782
19450000.0	19550000.0	0.875600221065
19600000.0	19700000.0	0.777302962832
19650000.0	19750000.0	0.795700587565
19700000.0	19800000.0	0.762039759521
20050000.0	20150000.0	0.848846060359
20300000.0	20400000.0	0.873353593797
20500000.0	20600000.0	0.808962193495
20550000.0	20650000.0	0.876500099237
20650000.0	20750000.0	0.831294827358
20950000.0	21050000.0	0.784436651578
21050000.0	21150000.0	0.509548726061
21150000.0	21250000.0	0.868114677806
21200000.0	21300000.0	0.872876707531
21250000.0	21350000.0	0.763582029864
21300000.0	21400000.0	0.873060250964
21400000.0	21500000.0	0.804659881825
21500000.0	21600000.0	0.798658381748
21600000.0	21700000.0	0.873735910943
21900000.0	22000000.0	0.773483878916
22450000.0	22550000.0	0.847120691209
23050000.0	23150000.0	0.869057660097
23100000.0	23200000.0	0.864387609599
23300000.0	23400000.0	0.827951341035
23450000.0	23550000.0	0.845781698191
23950000.0	24050000.0	0.831598820252
24050000.0	24150000.0	0.63215733508
24100000.0	24200000.0	0.84110766172
24200000.0	24300000.0	0.825242398947
24250000.0	24350000.0	0.866927629247
24400000.0	24500000.0	0.897191390193
24450000.0	24550000.0	0.768295010705
24500000.0	24600000.0	0.842152024804
24550000.0	24650000.0	0.898415952669
24650000.0	24750000.0	0.734147052829
24850000.0	24950000.0	0.816687526292
25500000.0	25600000.0	0.845601192319
25550000.0	25650000.0	0.870592770929
25600000.0	25700000.0	0.857734187794
25700000.0	25800000.0	0.764993426917
25750000.0	25850000.0	0.88874098362
25800000.0	25900000.0	0.860823810667
25900000.0	26000000.0	0.796325435352
26200000.0	26300000.0	0.87569915485
26350000.0	26450000.0	0.864124247022
26600000.0	26700000.0	0.748357355537
26650000.0	26750000.0	0.80759376761
26750000.0	26850000.0	0.614862770512
26850000.0	26950000.0	0.840708676974
26900000.0	27000000.0	0.862877488622
26950000.0	27050000.0	0.889505326955
27150000.0	27250000.0	0.883855324198
27250000.0	27350000.0	0.82549183335
27300000.0	27400000.0	0.844499621342
27400000.0	27500000.0	0.879393884753
28100000.0	28200000.0	0.882707828803
28600000.0	28700000.0	0.882263959921
29500000.0	29600000.0	0.823852520712
29550000.0	29650000.0	0.876264802543
29650000.0	29750000.0	0.869739924039
30850000.0	30950000.0	0.893225656567
31000000.0	31100000.0	0.890342818899
31200000.0	31300000.0	0.856428550375
31250000.0	31350000.0	0.631597782686
31600000.0	31700000.0	0.823611505427
31650000.0	31750000.0	0.860825335775
31700000.0	31800000.0	0.85638675756
31850000.0	31950000.0	0.766958240196
31900000.0	32000000.0	0.858075926808
32000000.0	32100000.0	0.794057519407
32400000.0	32500000.0	0.897683882947
32450000.0	32550000.0	0.663330831182
32500000.0	32600000.0	0.879111981615
32600000.0	32700000.0	0.80443723264
32700000.0	32800000.0	0.802099413257
32800000.0	32900000.0	0.803449946
32850000.0	32950000.0	0.731071778681
32900000.0	33000000.0	0.879042194791
32950000.0	33050000.0	0.85682318141
33200000.0	33300000.0	0.827645917971
33700000.0	33800000.0	0.795210565205
33750000.0	33850000.0	0.884925779551
33850000.0	33950000.0	0.885317073594
33950000.0	34050000.0	0.866363875254
34000000.0	34100000.0	0.80314806758
34200000.0	34300000.0	0.842003258927
34250000.0	34350000.0	0.792043495911
34350000.0	34450000.0	0.709114058283
34450000.0	34550000.0	0.811204866526
34500000.0	34600000.0	0.879041153172
34800000.0	34900000.0	0.834770764924
35000000.0	35100000.0	0.783676690918
35050000.0	35150000.0	0.851003821195
35200000.0	35300000.0	0.893639502515
35300000.0	35400000.0	0.834210849821
35350000.0	35450000.0	0.878987447239
35500000.0	35600000.0	0.83498137163
35550000.0	35650000.0	0.871378276595
35650000.0	35750000.0	0.744130280118
35700000.0	35800000.0	0.866111918936
36000000.0	36100000.0	0.857835709865
36100000.0	36200000.0	0.869390393646
36200000.0	36300000.0	0.790875428788
36250000.0	36350000.0	0.843078046482
36300000.0	36400000.0	0.731430644257
36350000.0	36450000.0	0.67168179102
36400000.0	36500000.0	0.600086315592
36550000.0	36650000.0	0.876861508219
36750000.0	36850000.0	0.83848467725
36800000.0	36900000.0	0.860230689002
36850000.0	36950000.0	0.895829521228
36900000.0	37000000.0	0.532523203863
36950000.0	37050000.0	0.895389147834
37100000.0	37200000.0	0.644226976336
37250000.0	37350000.0	0.863064390578
37300000.0	37400000.0	0.874467299934
37400000.0	37500000.0	0.702728781136
37550000.0	37650000.0	0.870234582178
38500000.0	38600000.0	0.88669610601
38850000.0	38950000.0	0.88196059099
39050000.0	39150000.0	0.89185550862
39150000.0	39250000.0	0.874256844414
39200000.0	39300000.0	0.821898523098
39450000.0	39550000.0	0.848285767072
39700000.0	39800000.0	0.783639209664
40200000.0	40300000.0	0.869793702034
40250000.0	40350000.0	0.769742064317
40400000.0	40500000.0	0.635611884806
40450000.0	40550000.0	0.892879048572
40500000.0	40600000.0	0.887946976039
40650000.0	40750000.0	0.857993723465
40750000.0	40850000.0	0.855591037387
41050000.0	41150000.0	0.851327332824
41750000.0	41850000.0	0.876041916218
42100000.0	42200000.0	0.89873757709
42750000.0	42850000.0	0.894906810896
42950000.0	43050000.0	0.811518583068
43100000.0	43200000.0	0.788380264499
43150000.0	43250000.0	0.801090927631
43200000.0	43300000.0	0.862273339551
43250000.0	43350000.0	0.838489280404
43350000.0	43450000.0	0.69720255044
43450000.0	43550000.0	0.658829722962
43650000.0	43750000.0	0.782668080893
43700000.0	43800000.0	0.712902636496
43750000.0	43850000.0	0.549092295846
43800000.0	43900000.0	0.128134406944
43850000.0	43950000.0	0.0
43900000.0	44000000.0	0.0
43950000.0	44050000.0	0.0
44000000.0	44100000.0	0.0
44050000.0	44150000.0	0.0
44100000.0	44200000.0	0.0
44150000.0	44250000.0	0.0
44200000.0	44300000.0	0.0
44250000.0	44350000.0	0.0
44300000.0	44400000.0	0.0
44350000.0	44450000.0	0.0
44400000.0	44500000.0	0.0
44450000.0	44550000.0	0.0
44500000.0	44600000.0	0.0
44550000.0	44650000.0	0.0
44600000.0	44700000.0	0.0
44650000.0	44750000.0	0.0
44700000.0	44800000.0	0.0
44750000.0	44850000.0	0.0
44800000.0	44900000.0	0.0
44850000.0	44950000.0	0.0
44900000.0	45000000.0	0.0
44950000.0	45050000.0	0.0
45000000.0	45100000.0	0.0
45050000.0	45150000.0	0.0
45100000.0	45200000.0	0.0
45150000.0	45250000.0	0.0
45200000.0	45300000.0	0.0
45250000.0	45350000.0	0.0
45300000.0	45400000.0	0.0
45350000.0	45450000.0	0.0
45400000.0	45500000.0	0.0
45450000.0	45550000.0	0.0
45500000.0	45600000.0	0.0
45550000.0	45650000.0	0.0
45600000.0	45700000.0	0.0
45650000.0	45750000.0	0.0
45700000.0	45800000.0	0.0
45750000.0	45850000.0	0.0
45800000.0	45900000.0	0.0
45850000.0	45950000.0	0.0
45900000.0	46000000.0	0.0
45950000.0	46050000.0	0.0
46000000.0	46100000.0	0.0
46050000.0	46150000.0	0.0
46100000.0	46200000.0	0.0
46150000.0	46250000.0	0.0
46200000.0	46300000.0	0.0
46250000.0	46350000.0	0.0
46300000.0	46400000.0	0.0
46350000.0	46450000.0	0.0
46400000.0	46500000.0	0.0
46450000.0	46550000.0	0.0
46500000.0	46600000.0	0.0
46550000.0	46650000.0	0.0
46600000.0	46700000.0	0.0
46650000.0	46750000.0	0.0
46700000.0	46800000.0	0.0
46750000.0	46850000.0	0.018787222879
46800000.0	46900000.0	0.317959349388
46850000.0	46950000.0	0.79604065182
46950000.0	47050000.0	0.80575359941
47050000.0	47150000.0	0.0
47100000.0	47200000.0	0.397768511917
47150000.0	47250000.0	0.885702089049
47200000.0	47300000.0	0.758550656928
47250000.0	47350000.0	0.885484248846
47300000.0	47400000.0	0.568540718591
47400000.0	47500000.0	0.854998825251
47450000.0	47550000.0	0.836016060566
47550000.0	47650000.0	0.868268928795
47600000.0	47700000.0	0.840012585334
47650000.0	47750000.0	0.856271072938
47850000.0	47950000.0	0.881552419712
47900000.0	48000000.0	0.893906589788
47950000.0	48050000.0	0.88509935141
48000000.0	48100000.0	0.866666390834
48050000.0	48150000.0	0.862946186115
48150000.0	48250000.0	0.898718493918
48200000.0	48300000.0	0.89479854491
48250000.0	48350000.0	0.859451503694
48550000.0	48650000.0	0.815162049629
49100000.0	49200000.0	0.872774059891
49350000.0	49450000.0	0.838701339752
49650000.0	49750000.0	0.858514821727
49700000.0	49800000.0	0.881053211328
49800000.0	49900000.0	0.865057092992
49850000.0	49950000.0	0.879451521956
49900000.0	50000000.0	0.885844963438
50150000.0	50250000.0	0.827556793039
50250000.0	50350000.0	0.776771057125
50350000.0	50450000.0	0.84431742147
50400000.0	50500000.0	0.795602842879
50750000.0	50850000.0	0.828421050596
50800000.0	50900000.0	0.573326811054
51050000.0	51150000.0	0.877761813266
51350000.0	51450000.0	0.870856644298
51500000.0	51600000.0	0.691050346214
51550000.0	51650000.0	0.799268678317
51700000.0	51800000.0	0.660941325624
52100000.0	52200000.0	0.881783551895
52400000.0	52500000.0	0.89968955839
52500000.0	52600000.0	0.891795435416
52700000.0	52800000.0	0.898001512388
52750000.0	52850000.0	0.849637677093
52850000.0	52950000.0	0.893205845068
52900000.0	53000000.0	0.896006474131
53100000.0	53200000.0	0.891809684266
53150000.0	53250000.0	0.708452137895
53200000.0	53300000.0	0.687900335323
53400000.0	53500000.0	0.877368765775
53850000.0	53950000.0	0.890638088135
54200000.0	54300000.0	0.86838869301
54500000.0	54600000.0	0.880061424746
54600000.0	54700000.0	0.834335526028
54650000.0	54750000.0	0.855518709698
54700000.0	54800000.0	0.888436369231
55450000.0	55550000.0	0.898268857249
55500000.0	55600000.0	0.879663346151
55650000.0	55750000.0	0.879849308172
55700000.0	55800000.0	0.834382672425
55750000.0	55850000.0	0.611941747537
55800000.0	55900000.0	0.766639111049
56150000.0	56250000.0	0.892445079579
56300000.0	56400000.0	0.709581975495
56350000.0	56450000.0	0.843680755517
56450000.0	56550000.0	0.891000749032
56500000.0	56600000.0	0.796605295324
56600000.0	56700000.0	0.784581756955
57100000.0	57200000.0	0.886833479856
57150000.0	57250000.0	0.853996706626
57250000.0	57350000.0	0.885442341205
57450000.0	57550000.0	0.856590329777
57550000.0	57650000.0	0.862744167806
57600000.0	57700000.0	0.806102213089
57650000.0	57750000.0	0.589008110175
57750000.0	57850000.0	0.861663564349
58050000.0	58150000.0	0.86494582137
58100000.0	58200000.0	0.831603201654
58250000.0	58350000.0	0.735088210793
58450000.0	58550000.0	0.817562605556
58600000.0	58700000.0	0.89817583034
58800000.0	58900000.0	0.865700496217
58900000.0	59000000.0	0.825256846903
59050000.0	59150000.0	0.816601125754
59250000.0	59350000.0	0.819499311326
59300000.0	59400000.0	0.835068077577
59550000.0	59650000.0	0.884211985862
59700000.0	59800000.0	0.64852203626
59800000.0	59900000.0	0.86224480118
59900000.0	60000000.0	0.88957617512
60000000.0	60100000.0	0.863700260878
60050000.0	60150000.0	0.854711837648
60150000.0	60250000.0	0.787949508318
60200000.0	60300000.0	0.862376229703
60300000.0	60400000.0	0.873407903365
60350000.0	60450000.0	0.803291828387
60650000.0	60750000.0	0.849126215899
60700000.0	60800000.0	0.875897461079
60750000.0	60850000.0	0.687432240869
60850000.0	60950000.0	0.828863727816
60900000.0	61000000.0	0.862032594112
61000000.0	61100000.0	0.698473408468
61100000.0	61200000.0	0.851000285239
61150000.0	61250000.0	0.888289447383
61650000.0	61750000.0	0.88904814642
61950000.0	62050000.0	0.84110453892
62100000.0	62200000.0	0.883877752535
62150000.0	62250000.0	0.813238912162
62200000.0	62300000.0	0.701653539603
62250000.0	62350000.0	0.875183576742
62450000.0	62550000.0	0.633612372046
62500000.0	62600000.0	0.88008123394
62550000.0	62650000.0	0.897058917472
62600000.0	62700000.0	0.830045634264
62750000.0	62850000.0	0.875992880268
62850000.0	62950000.0	0.693373243555
63100000.0	63200000.0	0.794076901408
63450000.0	63550000.0	0.797771652644
63550000.0	63650000.0	0.711492832064
63600000.0	63700000.0	0.793197932144
63700000.0	63800000.0	0.893303569961
63750000.0	63850000.0	0.845356316341
64100000.0	64200000.0	0.882781033596
64350000.0	64450000.0	0.854717879738
64450000.0	64550000.0	0.798929494457
64550000.0	64650000.0	0.862629445023
64600000.0	64700000.0	0.737242402584
64650000.0	64750000.0	0.710790737805
64750000.0	64850000.0	0.796833427242
64950000.0	65050000.0	0.875289734776
65050000.0	65150000.0	0.893229630448
65100000.0	65200000.0	0.868416430527
65150000.0	65250000.0	0.873215037554
65300000.0	65400000.0	0.84258262293
65500000.0	65600000.0	0.848427013996
65600000.0	65700000.0	0.702751670319
65800000.0	65900000.0	0.892295546117
65950000.0	66050000.0	0.875773673383
66000000.0	66100000.0	0.895516337908
66150000.0	66250000.0	0.819441020862
66300000.0	66400000.0	0.89361948517
66700000.0	66800000.0	0.821823193798
66750000.0	66850000.0	0.853515735301
66850000.0	66950000.0	0.85942549181
66900000.0	67000000.0	0.896713700072
67200000.0	67300000.0	0.803710171056
67250000.0	67350000.0	0.811413227736
67450000.0	67550000.0	0.890232041624
67800000.0	67900000.0	0.839887171366
67900000.0	68000000.0	0.847089044853
68250000.0	68350000.0	0.860740486594
68500000.0	68600000.0	0.897626393879
68750000.0	68850000.0	0.887995194626
68800000.0	68900000.0	0.881672588763
68950000.0	69050000.0	0.444873712193
69050000.0	69150000.0	0.853015085705
69250000.0	69350000.0	0.682591940504
69300000.0	69400000.0	0.858825751052
69400000.0	69500000.0	0.823955190958
69500000.0	69600000.0	0.811313660017
69550000.0	69650000.0	0.868283201152
69750000.0	69850000.0	0.870409040502
69850000.0	69950000.0	0.783306829166
69900000.0	70000000.0	0.853873428145
70100000.0	70200000.0	0.72950458633
70150000.0	70250000.0	0.852207456365
70700000.0	70800000.0	0.87416028443
71150000.0	71250000.0	0.7626858479
71350000.0	71450000.0	0.839886174401
71500000.0	71600000.0	0.856826083721
71550000.0	71650000.0	0.882962743869
71600000.0	71700000.0	0.850546188607
71650000.0	71750000.0	0.897243379051
71700000.0	71800000.0	0.778036895784
71750000.0	71850000.0	0.835735624481
71800000.0	71900000.0	0.839988337808
71850000.0	71950000.0	0.899609459656
72000000.0	72100000.0	0.855046776043
72050000.0	72150000.0	0.882717520075
72100000.0	72200000.0	0.795784488845
72150000.0	72250000.0	0.806029746613
72250000.0	72350000.0	0.542335838907
72300000.0	72400000.0	0.864080983019
72350000.0	72450000.0	0.892030913445
72500000.0	72600000.0	0.785972760989
72600000.0	72700000.0	0.846742056414
72650000.0	72750000.0	0.880919784468
72750000.0	72850000.0	0.634220994256
72950000.0	73050000.0	0.870525123329
73000000.0	73100000.0	0.725020457575
73350000.0	73450000.0	0.70750903045
73400000.0	73500000.0	0.828992456498
73450000.0	73550000.0	0.897024329745
73550000.0	73650000.0	0.59970692837
73650000.0	73750000.0	0.896342955529
73700000.0	73800000.0	0.857314641588
73800000.0	73900000.0	0.877983208848
74000000.0	74100000.0	0.869907623595
74100000.0	74200000.0	0.8993741189
74450000.0	74550000.0	0.887414846007
75050000.0	75150000.0	0.795282812218
75150000.0	75250000.0	0.803387209951
75250000.0	75350000.0	0.831349354203
75450000.0	75550000.0	0.814928430761
75500000.0	75600000.0	0.890115488148
75600000.0	75700000.0	0.880924612667
75700000.0	75800000.0	0.888613680221
75750000.0	75850000.0	0.850513114055
75850000.0	75950000.0	0.889204221835
76100000.0	76200000.0	0.783914835624
76150000.0	76250000.0	0.838709912531
76200000.0	76300000.0	0.868391398132
76250000.0	76350000.0	0.859146862969
76350000.0	76450000.0	0.886912024796
76400000.0	76500000.0	0.893473355813
76450000.0	76550000.0	0.80368855658
76500000.0	76600000.0	0.868961878473
76800000.0	76900000.0	0.817875851171
77050000.0	77150000.0	0.667182027102
77100000.0	77200000.0	0.849778232481
77150000.0	77250000.0	0.856222995029
77200000.0	77300000.0	0.705580286136
77250000.0	77350000.0	0.818088047205
77400000.0	77500000.0	0.856325983209
77500000.0	77600000.0	0.788863805969
77600000.0	77700000.0	0.7239182976
77650000.0	77750000.0	0.85363178568
77750000.0	77850000.0	0.397173035557
77800000.0	77900000.0	0.888062623796
77900000.0	78000000.0	0.845565050621
77950000.0	78050000.0	0.856200043753
78100000.0	78200000.0	0.809847198334
78150000.0	78250000.0	0.59616802534
78250000.0	78350000.0	0.720190973406
78350000.0	78450000.0	0.896859882656
78400000.0	78500000.0	0.281848464511
78450000.0	78550000.0	0.75979864124
78500000.0	78600000.0	0.829445851492
78650000.0	78750000.0	0.736493301829
78700000.0	78800000.0	0.893127401275
78750000.0	78850000.0	0.844745682491
78950000.0	79050000.0	0.874936258759
79000000.0	79100000.0	0.832070672631
79150000.0	79250000.0	0.590039006429
79250000.0	79350000.0	0.85903967429
79300000.0	79400000.0	0.569950368569
79400000.0	79500000.0	0.854811709635
79550000.0	79650000.0	0.854095361128
79700000.0	79800000.0	0.861404661197
79750000.0	79850000.0	0.679875916911
79800000.0	79900000.0	0.824059304427
79950000.0	80050000.0	0.869377988691
80000000.0	80100000.0	0.68175143137
80100000.0	80200000.0	0.805158751751
80150000.0	80250000.0	0.770951189344
80600000.0	80700000.0	0.766918343795
80650000.0	80750000.0	0.823824953889
80800000.0	80900000.0	0.826430940983
80850000.0	80950000.0	0.896042243315
81250000.0	81350000.0	0.892036750088
81550000.0	81650000.0	0.874723777892
81700000.0	81800000.0	0.858233169168
81750000.0	81850000.0	0.862002090392
81800000.0	81900000.0	0.874827007982
81900000.0	82000000.0	0.87531842032
81950000.0	82050000.0	0.879891905522
82150000.0	82250000.0	0.892333946566
82200000.0	82300000.0	0.84613656111
82250000.0	82350000.0	0.876798276381
82800000.0	82900000.0	0.876187644249
82950000.0	83050000.0	0.883764265854
83150000.0	83250000.0	0.765254481486
83450000.0	83550000.0	0.882364589099
83500000.0	83600000.0	0.871600198195
83600000.0	83700000.0	0.855652267359
83900000.0	84000000.0	0.874388376563
84100000.0	84200000.0	0.844379677687
84300000.0	84400000.0	0.832917467877
84350000.0	84450000.0	0.861229323606
84500000.0	84600000.0	0.898512998428
84650000.0	84750000.0	0.782097054962
84700000.0	84800000.0	0.73946823303
84750000.0	84850000.0	0.85486617353
84900000.0	85000000.0	0.88032552588
84950000.0	85050000.0	0.890969191854
85000000.0	85100000.0	0.886037925023
85050000.0	85150000.0	0.863978122084
85150000.0	85250000.0	0.864934478017
85250000.0	85350000.0	0.820858112892
85300000.0	85400000.0	0.856267837195
85350000.0	85450000.0	0.667844401182
85450000.0	85550000.0	0.871288930895
85500000.0	85600000.0	0.893576417359
85550000.0	85650000.0	0.814800273868
85650000.0	85750000.0	0.854531609363
85800000.0	85900000.0	0.878355141686
85850000.0	85950000.0	0.761373912387
85900000.0	86000000.0	0.845674191591
86500000.0	86600000.0	0.504956612331
86550000.0	86650000.0	0.0766836974015
86600000.0	86700000.0	0.0
86650000.0	86750000.0	0.0200070811784
86700000.0	86800000.0	0.076389792392
86750000.0	86850000.0	0.191951296653
86800000.0	86900000.0	0.613607186358
86900000.0	87000000.0	0.731776851495
86950000.0	87050000.0	0.863448008472
87050000.0	87150000.0	0.792351420929
87650000.0	87750000.0	0.662213537017
88200000.0	88300000.0	0.845896951367
88250000.0	88350000.0	0.857737433964
88300000.0	88400000.0	0.737876979904
88350000.0	88450000.0	0.837649826337
88400000.0	88500000.0	0.896274672369
88450000.0	88550000.0	0.829223629745
88550000.0	88650000.0	0.893176183259
88600000.0	88700000.0	0.756212909902
88650000.0	88750000.0	0.844734594221
88700000.0	88800000.0	0.79484640698
89050000.0	89150000.0	0.744963057903
89150000.0	89250000.0	0.798881034215
89250000.0	89350000.0	0.855937258564
89450000.0	89550000.0	0.885783760409
89550000.0	89650000.0	0.822923148388
89650000.0	89750000.0	0.894568443439
89800000.0	89900000.0	0.807815697989
89950000.0	90050000.0	0.611516806069
90000000.0	90100000.0	0.807538338648
90150000.0	90250000.0	0.882417572007
90300000.0	90400000.0	0.866643909873
90450000.0	90550000.0	0.873661560386
90500000.0	90600000.0	0.714351725147
90550000.0	90650000.0	0.884526673726
90600000.0	90700000.0	0.847644451563
90950000.0	91050000.0	0.844520959712
91000000.0	91100000.0	0.793649503828
91350000.0	91450000.0	0.898912515495
91450000.0	91550000.0	0.824981911778
91600000.0	91700000.0	0.859256600476
91650000.0	91750000.0	0.7784791434
91700000.0	91800000.0	0.808827298645
91800000.0	91900000.0	0.786138296879
91850000.0	91950000.0	0.89339359006
92050000.0	92150000.0	0.877037118748
92150000.0	92250000.0	0.884213094666
92450000.0	92550000.0	0.859559341349
92500000.0	92600000.0	0.779276666588
92600000.0	92700000.0	0.756198688048
92750000.0	92850000.0	0.787838811117
92800000.0	92900000.0	0.875037210542
92850000.0	92950000.0	0.584880405214
92900000.0	93000000.0	0.887553944795
92950000.0	93050000.0	0.881317975164
93100000.0	93200000.0	0.77737974986
93300000.0	93400000.0	0.865440216589
93350000.0	93450000.0	0.88621546009
93550000.0	93650000.0	0.894920872781
93600000.0	93700000.0	0.8787318744
93650000.0	93750000.0	0.734902220638
94150000.0	94250000.0	0.733600211069
94350000.0	94450000.0	0.870806402801
94400000.0	94500000.0	0.741198545044
94450000.0	94550000.0	0.82174853408
94550000.0	94650000.0	0.795642979623
94600000.0	94700000.0	0.86937750536
95000000.0	95100000.0	0.883830167861
95150000.0	95250000.0	0.892905104125
96350000.0	96450000.0	0.876706597631
96400000.0	96500000.0	0.818775927483
96500000.0	96600000.0	0.876551059457
96550000.0	96650000.0	0.84093032086
96650000.0	96750000.0	0.892706202795
96700000.0	96800000.0	0.754893225508
96750000.0	96850000.0	0.893076405461
96800000.0	96900000.0	0.878580443836
96850000.0	96950000.0	0.711844098227
96900000.0	97000000.0	0.866301796332
97500000.0	97600000.0	0.856985253254
97700000.0	97800000.0	0.857645434008
97850000.0	97950000.0	0.865662074164
97950000.0	98050000.0	0.896087233599
98000000.0	98100000.0	0.819221045084
98100000.0	98200000.0	0.850254391474
98150000.0	98250000.0	0.823839310977
98250000.0	98350000.0	0.859709791324
98450000.0	98550000.0	0.88342951237
98550000.0	98650000.0	0.851154715599
99250000.0	99350000.0	0.855655745456
99450000.0	99550000.0	0.88629238174
99500000.0	99600000.0	0.819918917081
99550000.0	99650000.0	0.867042588625
99600000.0	99700000.0	0.876150614653
99650000.0	99750000.0	0.740346717176
99700000.0	99800000.0	0.820678349971
99850000.0	99950000.0	0.860652744656
99950000.0	100050000.0	0.803476346587
100000000.0	100100000.0	0.899322818561
100250000.0	100350000.0	0.81838937057
100350000.0	100450000.0	0.895147961187
100450000.0	100550000.0	0.854485725845
100650000.0	100750000.0	0.774690258431
100700000.0	100800000.0	0.877668557929
100800000.0	100900000.0	0.703607592398
100950000.0	101050000.0	0.854574522164
101050000.0	101150000.0	0.84901325377
101100000.0	101200000.0	0.874415899268
101300000.0	101400000.0	0.897374515287
101400000.0	101500000.0	0.82184854752
101850000.0	101950000.0	0.897285152759
102400000.0	102500000.0	0.851207178428
102600000.0	102700000.0	0.846701730409
102650000.0	102750000.0	0.807845337654
102700000.0	102800000.0	0.894708455482
102950000.0	103050000.0	0.892229884504
103050000.0	103150000.0	0.835356158442
103750000.0	103850000.0	0.887591874054
104150000.0	104250000.0	0.874713418739
104400000.0	104500000.0	0.87755019964
104600000.0	104700000.0	0.791498268302
104750000.0	104850000.0	0.883299697973
104900000.0	105000000.0	0.869569335742
105050000.0	105150000.0	0.851395297048
105100000.0	105200000.0	0.898551786945
105150000.0	105250000.0	0.813414838183
105200000.0	105300000.0	0.888082519514
105350000.0	105450000.0	0.734204751933
105500000.0	105600000.0	0.899888330961
105650000.0	105750000.0	0.869998648974
105700000.0	105800000.0	0.882311830046
105800000.0	105900000.0	0.878558734947
105900000.0	106000000.0	0.776994688305
105950000.0	106050000.0	0.753423747693
106000000.0	106100000.0	0.869763753069
106100000.0	106200000.0	0.724928881727
106200000.0	106300000.0	0.856246491565
106250000.0	106350000.0	0.887233134683
106300000.0	106400000.0	0.861676081863
106350000.0	106450000.0	0.876299074156
106550000.0	106650000.0	0.895297107632
106600000.0	106700000.0	0.731276651579
106650000.0	106750000.0	0.879929644458
106750000.0	106850000.0	0.522862425865
106900000.0	107000000.0	0.894935089753
107000000.0	107100000.0	0.855192267332
107300000.0	107400000.0	0.84952118983
108000000.0	108100000.0	0.837535384782
108100000.0	108200000.0	0.87611317041
108150000.0	108250000.0	0.675301307693
108200000.0	108300000.0	0.790137959444
108350000.0	108450000.0	0.756170933443
108400000.0	108500000.0	0.747312051505
108500000.0	108600000.0	0.767041495033
108650000.0	108750000.0	0.838014445425
108850000.0	108950000.0	0.874820776953
109000000.0	109100000.0	0.897151986485
109050000.0	109150000.0	0.817349615803
109150000.0	109250000.0	0.802408244776
109300000.0	109400000.0	0.765609170347
109400000.0	109500000.0	0.866038533067
109450000.0	109550000.0	0.812162623785
109800000.0	109900000.0	0.824129702751
109850000.0	109950000.0	0.846234289129
109900000.0	110000000.0	0.788292943469
110100000.0	110200000.0	0.706533217681
110250000.0	110350000.0	0.854461838173
110300000.0	110400000.0	0.822282137952
110350000.0	110450000.0	0.768125651853
110450000.0	110550000.0	0.867455829818
110500000.0	110600000.0	0.880313418995
110750000.0	110850000.0	0.797855456888
110800000.0	110900000.0	0.873770497769
111000000.0	111100000.0	0.876467040067
111050000.0	111150000.0	0.877102126225
111150000.0	111250000.0	0.895340936861
111250000.0	111350000.0	0.880894613556
111350000.0	111450000.0	0.648554620861
111450000.0	111550000.0	0.842631487367
111550000.0	111650000.0	0.745017156101
111700000.0	111800000.0	0.590753688408
111850000.0	111950000.0	0.850872102371
111900000.0	112000000.0	0.860743033997
111950000.0	112050000.0	0.793513527122
112100000.0	112200000.0	0.650022526242
112150000.0	112250000.0	0.886956342246
112200000.0	112300000.0	0.850470486387
112250000.0	112350000.0	0.655927066589
112300000.0	112400000.0	0.823229787328
112350000.0	112450000.0	0.868765944423
112450000.0	112550000.0	0.717821262349
112750000.0	112850000.0	0.891119285476
112800000.0	112900000.0	0.841028866856
113100000.0	113200000.0	0.888700300323
113150000.0	113250000.0	0.780025747842
113250000.0	113350000.0	0.802984993125
113550000.0	113650000.0	0.636752489888
113600000.0	113700000.0	0.869217372133
113650000.0	113750000.0	0.813984683028
113750000.0	113850000.0	0.894206721564
113850000.0	113950000.0	0.849517029987
113900000.0	114000000.0	0.585289978938
113950000.0	114050000.0	0.856331996008
114000000.0	114100000.0	0.666619304954
114050000.0	114150000.0	0.878361876315
114150000.0	114250000.0	0.751237253403
114200000.0	114300000.0	0.73967902723
114250000.0	114350000.0	0.805049069979
114300000.0	114400000.0	0.887286288551
114350000.0	114450000.0	0.768465099436
114450000.0	114550000.0	0.863579597358
114500000.0	114600000.0	0.812114282202
114750000.0	114850000.0	0.847053983142
114800000.0	114900000.0	0.731156326817
114900000.0	115000000.0	0.818775773156
115000000.0	115100000.0	0.765867246415
115100000.0	115200000.0	0.719443360596
115150000.0	115250000.0	0.862747064029
115200000.0	115300000.0	0.897402217796
115300000.0	115400000.0	0.846694664955
115500000.0	115600000.0	0.730919985646
115550000.0	115650000.0	0.585937070658
115600000.0	115700000.0	0.858876424191
115700000.0	115800000.0	0.772089400052
115800000.0	115900000.0	0.89681457133
116150000.0	116250000.0	0.89173940269
116200000.0	116300000.0	0.862449031004
116250000.0	116350000.0	0.819402423409
116550000.0	116650000.0	0.876663371233
116650000.0	116750000.0	0.568614385935
116750000.0	116850000.0	0.803040203475
116800000.0	116900000.0	0.87694504934
116950000.0	117050000.0	0.657413778314
117050000.0	117150000.0	0.818270278744
117350000.0	117450000.0	0.874882939085
117550000.0	117650000.0	0.865637930731
117700000.0	117800000.0	0.84215337169
117900000.0	118000000.0	0.870325994
117950000.0	118050000.0	0.865061878066
118150000.0	118250000.0	0.820115807705
118400000.0	118500000.0	0.854958847338
118550000.0	118650000.0	0.839719320284
118600000.0	118700000.0	0.487397701568
118850000.0	118950000.0	0.81264219106
119150000.0	119250000.0	0.890494901446
119500000.0	119600000.0	0.804714041397
119550000.0	119650000.0	0.842220009426
119650000.0	119750000.0	0.851767862761
119700000.0	119800000.0	0.853160926816
119750000.0	119850000.0	0.889683829572
120100000.0	120200000.0	0.885928099205
120150000.0	120250000.0	0.860745755439
120200000.0	120300000.0	0.894376664773
120250000.0	120350000.0	0.881618055129
120350000.0	120450000.0	0.723957798454
120400000.0	120500000.0	0.843554923511
120450000.0	120550000.0	0.836444308065
120500000.0	120600000.0	0.850520929578
120750000.0	120850000.0	0.896773689682
121150000.0	121250000.0	0.886967350495
121300000.0	121400000.0	0.80890508918
121350000.0	121450000.0	0.842161415016
121400000.0	121500000.0	0.858638731507
121450000.0	121550000.0	0.841324938824
121600000.0	121700000.0	0.882341335281
121700000.0	121800000.0	0.83912223883
121750000.0	121850000.0	0.717068398435
121800000.0	121900000.0	0.433542329514
122000000.0	122100000.0	0.881875812622
122050000.0	122150000.0	0.872518533358
122200000.0	122300000.0	0.86878111118
122250000.0	122350000.0	0.862617105441
122350000.0	122450000.0	0.854948703428
122400000.0	122500000.0	0.894996252577
122550000.0	122650000.0	0.85822219058
122750000.0	122850000.0	0.846642020154
123050000.0	123150000.0	0.895768532132
123100000.0	123200000.0	0.848324728852
123150000.0	123250000.0	0.811914614586
123200000.0	123300000.0	0.872230566147
123250000.0	123350000.0	0.837169428013
123300000.0	123400000.0	0.881428753854
123350000.0	123450000.0	0.844588073357
123400000.0	123500000.0	0.851989935567
124600000.0	124700000.0	0.887935784682
124700000.0	124800000.0	0.899995728887
124850000.0	124950000.0	0.754721433074
124900000.0	125000000.0	0.881408596093
125050000.0	125150000.0	0.881121825643
125150000.0	125250000.0	0.829878016378
126000000.0	126100000.0	0.851477964242
126500000.0	126600000.0	0.895611938841
126800000.0	126900000.0	0.749038271988
126900000.0	127000000.0	0.793318891234
127100000.0	127200000.0	0.822897530116
127250000.0	127350000.0	0.726502665321
127300000.0	127400000.0	0.878052268862
127400000.0	127500000.0	0.898675186428
127750000.0	127850000.0	0.809625548932
127950000.0	128050000.0	0.895931917444
128000000.0	128100000.0	0.86234948148
128250000.0	128350000.0	0.811923833361
128300000.0	128400000.0	0.826491757634
128350000.0	128450000.0	0.583497428331
128500000.0	128600000.0	0.833712130251
128800000.0	128900000.0	0.893659678884
128950000.0	129050000.0	0.862653957593
129200000.0	129300000.0	0.78296911914
129300000.0	129400000.0	0.880119150278
129350000.0	129450000.0	0.887947300311
129400000.0	129500000.0	0.830038798841
129450000.0	129550000.0	0.863569135983
129550000.0	129650000.0	0.857031348626
129650000.0	129750000.0	0.727952341119
129700000.0	129800000.0	0.710762733244
129750000.0	129850000.0	0.788472292645
129800000.0	129900000.0	0.800703827667
129900000.0	130000000.0	0.89090654096
129950000.0	130050000.0	0.823789381904
130100000.0	130200000.0	0.843485395727
130150000.0	130250000.0	0.795689590726
130250000.0	130350000.0	0.844089908687
130300000.0	130400000.0	0.890220817535
130400000.0	130500000.0	0.858241179421
130600000.0	130700000.0	0.89541211482
130700000.0	130800000.0	0.824444091463
131250000.0	131350000.0	0.642341749542
131350000.0	131450000.0	0.829482587852
131600000.0	131700000.0	0.852987561461
131700000.0	131800000.0	0.871048205405
131800000.0	131900000.0	0.794654156258
131850000.0	131950000.0	0.798199271989
131950000.0	132050000.0	0.868172573722
132000000.0	132100000.0	0.898849184553
132050000.0	132150000.0	0.688601925758
132150000.0	132250000.0	0.860644192334
132200000.0	132300000.0	0.711899740831
132250000.0	132350000.0	0.833331244939
132300000.0	132400000.0	0.845835240845
132550000.0	132650000.0	0.844350723331
132700000.0	132800000.0	0.486056684121
132750000.0	132850000.0	0.878022339643
132850000.0	132950000.0	0.812079146277
132950000.0	133050000.0	0.762900162437
133000000.0	133100000.0	0.832249290893
133050000.0	133150000.0	0.826911887403
133150000.0	133250000.0	0.794076662966
133500000.0	133600000.0	0.89816878918
133550000.0	133650000.0	0.896418685196
133600000.0	133700000.0	0.819368531605
133700000.0	133800000.0	0.719284453289
133850000.0	133950000.0	0.852868415252
134000000.0	134100000.0	0.633814662706
134250000.0	134350000.0	0.842785041449
134300000.0	134400000.0	0.875214530897
134450000.0	134550000.0	0.820320490616
134550000.0	134650000.0	0.87919461304
134750000.0	134850000.0	0.855142458393
135000000.0	135100000.0	0.893134514197
135150000.0	135250000.0	0.842169571083
135350000.0	135450000.0	0.872996322107
135400000.0	135500000.0	0.731037233859
135500000.0	135600000.0	0.887525257299
135550000.0	135650000.0	0.883112039103
135600000.0	135700000.0	0.791152697257
135800000.0	135900000.0	0.753234829635
136050000.0	136150000.0	0.311179491901
136100000.0	136200000.0	0.787124154081
136200000.0	136300000.0	0.852199500991
136300000.0	136400000.0	0.848198435866
136400000.0	136500000.0	0.834397844907
136600000.0	136700000.0	0.874289084517
136800000.0	136900000.0	0.868723977595
136850000.0	136950000.0	0.781771162985
136900000.0	137000000.0	0.84509071875
137000000.0	137100000.0	0.696498996168
137150000.0	137250000.0	0.708817308877
137400000.0	137500000.0	0.635585742375
137550000.0	137650000.0	0.747052793687
137650000.0	137750000.0	0.865172614963
137950000.0	138050000.0	0.785993064135
138000000.0	138100000.0	0.898329818816
138100000.0	138200000.0	0.860818236677
138150000.0	138250000.0	0.489253406635
138350000.0	138450000.0	0.750585503181
138450000.0	138550000.0	0.761058767514
138500000.0	138600000.0	0.785388601042
138800000.0	138900000.0	0.846517282556
138950000.0	139050000.0	0.845055267222
139000000.0	139100000.0	0.894524049103
139050000.0	139150000.0	0.867589286445
139100000.0	139200000.0	0.814774744293
139200000.0	139300000.0	0.884373222493
139300000.0	139400000.0	0.806300166722
139400000.0	139500000.0	0.765733449952
139500000.0	139600000.0	0.83060882966
139650000.0	139750000.0	0.645425939358
139700000.0	139800000.0	0.835359115976
140050000.0	140150000.0	0.88188360843
140150000.0	140250000.0	0.777360595395
140200000.0	140300000.0	0.888500867687
140450000.0	140550000.0	0.787613037923
140550000.0	140650000.0	0.89949583333
140600000.0	140700000.0	0.837757017367
140650000.0	140750000.0	0.688584492361
140750000.0	140850000.0	0.893295320125
140800000.0	140900000.0	0.833728987065
140850000.0	140950000.0	0.762269027692
141100000.0	141200000.0	0.890433887234
141350000.0	141450000.0	0.77810480516
141550000.0	141650000.0	0.849336538588
141800000.0	141900000.0	0.805025435044
141850000.0	141950000.0	0.884813963172
141900000.0	142000000.0	0.858931059931
142200000.0	142300000.0	0.848843115282
142250000.0	142350000.0	0.843209985824
142400000.0	142500000.0	0.812945553796
142550000.0	142650000.0	0.86580449403
142700000.0	142800000.0	0.132656599979
142750000.0	142850000.0	0.337704502234
142800000.0	142900000.0	0.774157471475
142850000.0	142950000.0	0.590202232824
142900000.0	143000000.0	0.859710886326
143100000.0	143200000.0	0.890130701086
143200000.0	143300000.0	0.673335699178
143350000.0	143450000.0	0.846223744565
143550000.0	143650000.0	0.86078399931
143600000.0	143700000.0	0.62948566574
143650000.0	143750000.0	0.788374030315
143850000.0	143950000.0	0.862586540278
143900000.0	144000000.0	0.853043719357
143950000.0	144050000.0	0.892117138613
144100000.0	144200000.0	0.858765852651
144350000.0	144450000.0	0.815934601198
144500000.0	144600000.0	0.723015274965
144550000.0	144650000.0	0.788573756166
144600000.0	144700000.0	0.83644616201
144650000.0	144750000.0	0.857948952764
144800000.0	144900000.0	0.733724672909
145100000.0	145200000.0	0.762581630063
145150000.0	145250000.0	0.800021585066
145200000.0	145300000.0	0.860654393013
145250000.0	145350000.0	0.60118616443
145300000.0	145400000.0	0.127492683126
145350000.0	145450000.0	0.083440722046
145400000.0	145500000.0	0.335299024119
145450000.0	145550000.0	0.701128772132
145550000.0	145650000.0	0.818461711621
145750000.0	145850000.0	0.897156628697
146150000.0	146250000.0	0.766214439013
