start	end	avg.score
0.0	100000.0	0.281450170042
50000.0	150000.0	0.331209774346
100000.0	200000.0	0.332138849616
150000.0	250000.0	0.601322831535
400000.0	500000.0	0.897395250463
450000.0	550000.0	0.817904097113
550000.0	650000.0	0.872198417717
1050000.0	1150000.0	0.860535807724
1100000.0	1200000.0	0.865085772769
1150000.0	1250000.0	0.889080444009
1200000.0	1300000.0	0.838419848238
1250000.0	1350000.0	0.693974656163
1300000.0	1400000.0	0.844412778457
1350000.0	1450000.0	0.76081629281
1400000.0	1500000.0	0.885024693901
1550000.0	1650000.0	0.817883921893
1600000.0	1700000.0	0.872026333309
1650000.0	1750000.0	0.79904300818
1700000.0	1800000.0	0.868463868232
1950000.0	2050000.0	0.780126878301
2100000.0	2200000.0	0.739918435472
2350000.0	2450000.0	0.898274155757
2650000.0	2750000.0	0.832800583491
2750000.0	2850000.0	0.749392128373
2800000.0	2900000.0	0.881858123235
2950000.0	3050000.0	0.755581398591
3100000.0	3200000.0	0.89181670019
3300000.0	3400000.0	0.87929114524
3400000.0	3500000.0	0.843922487585
3650000.0	3750000.0	0.791443419996
3950000.0	4050000.0	0.895229002966
4000000.0	4100000.0	0.836482409555
4100000.0	4200000.0	0.552797678702
4150000.0	4250000.0	0.82959375486
4300000.0	4400000.0	0.777385430733
4600000.0	4700000.0	0.899924123963
5000000.0	5100000.0	0.897204735343
5050000.0	5150000.0	0.86301565239
5200000.0	5300000.0	0.868078296356
5350000.0	5450000.0	0.786461713175
5700000.0	5800000.0	0.85210978419
5850000.0	5950000.0	0.840521968441
5950000.0	6050000.0	0.860732198586
6050000.0	6150000.0	0.843587222459
6100000.0	6200000.0	0.886471163979
6150000.0	6250000.0	0.826905803097
6200000.0	6300000.0	0.886333214077
6250000.0	6350000.0	0.813235808827
6300000.0	6400000.0	0.89847165242
6900000.0	7000000.0	0.846070886761
7050000.0	7150000.0	0.893365648739
7200000.0	7300000.0	0.804751465147
7350000.0	7450000.0	0.867223607786
7500000.0	7600000.0	0.816539230623
7600000.0	7700000.0	0.863604718788
7650000.0	7750000.0	0.891238625512
7750000.0	7850000.0	0.854125181645
7800000.0	7900000.0	0.787127384949
7950000.0	8050000.0	0.64744198994
8050000.0	8150000.0	0.884059395312
8150000.0	8250000.0	0.838488625081
8600000.0	8700000.0	0.880496430974
8850000.0	8950000.0	0.853455876571
8900000.0	9000000.0	0.877027950768
8950000.0	9050000.0	0.844161755773
9050000.0	9150000.0	0.899441130306
9100000.0	9200000.0	0.797377475266
9150000.0	9250000.0	0.673793663978
9250000.0	9350000.0	0.736696782316
9300000.0	9400000.0	0.849552404416
9350000.0	9450000.0	0.758508603099
9400000.0	9500000.0	0.840598515329
9450000.0	9550000.0	0.771266348149
9500000.0	9600000.0	0.778773929205
9550000.0	9650000.0	0.740233075569
9600000.0	9700000.0	0.808040624252
9750000.0	9850000.0	0.810269296924
9850000.0	9950000.0	0.834949290233
9900000.0	10000000.0	0.629300021693
10000000.0	10100000.0	0.77250752742
10250000.0	10350000.0	0.896540144336
10400000.0	10500000.0	0.749985020676
10600000.0	10700000.0	0.692251901709
10700000.0	10800000.0	0.845803186602
10800000.0	10900000.0	0.723327041642
11000000.0	11100000.0	0.893909828233
11200000.0	11300000.0	0.808768715142
11350000.0	11450000.0	0.837355903199
11450000.0	11550000.0	0.867601365934
11500000.0	11600000.0	0.882551266909
11550000.0	11650000.0	0.736377420511
11650000.0	11750000.0	0.794392654959
11700000.0	11800000.0	0.782607225674
11900000.0	12000000.0	0.891340431254
11950000.0	12050000.0	0.683698919272
12150000.0	12250000.0	0.815054717197
12300000.0	12400000.0	0.896628775297
12600000.0	12700000.0	0.85851416662
12650000.0	12750000.0	0.718854618456
12700000.0	12800000.0	0.742083682332
12850000.0	12950000.0	0.858785263946
12900000.0	13000000.0	0.89377852419
13250000.0	13350000.0	0.899183349903
13550000.0	13650000.0	0.844237799651
13600000.0	13700000.0	0.733408251565
13750000.0	13850000.0	0.563699459949
13800000.0	13900000.0	0.629485815325
13900000.0	14000000.0	0.886334656778
13950000.0	14050000.0	0.807312928926
14050000.0	14150000.0	0.761989655774
14200000.0	14300000.0	0.82277872714
14250000.0	14350000.0	0.818754427993
14300000.0	14400000.0	0.697057786502
14400000.0	14500000.0	0.830255951823
14550000.0	14650000.0	0.89608028206
14650000.0	14750000.0	0.833674618737
14850000.0	14950000.0	0.888539875382
15500000.0	15600000.0	0.893171169537
15550000.0	15650000.0	0.831058526161
15600000.0	15700000.0	0.888787158763
15850000.0	15950000.0	0.783525372665
15900000.0	16000000.0	0.866692221867
16000000.0	16100000.0	0.899572837461
16050000.0	16150000.0	0.879812295391
16100000.0	16200000.0	0.889763652681
16150000.0	16250000.0	0.803622564631
16200000.0	16300000.0	0.791883670555
16250000.0	16350000.0	0.547451563286
16350000.0	16450000.0	0.698122641987
16400000.0	16500000.0	0.808095801485
16600000.0	16700000.0	0.690420151286
17200000.0	17300000.0	0.844978800193
17250000.0	17350000.0	0.806185688448
17450000.0	17550000.0	0.703825042428
17500000.0	17600000.0	0.800506906453
17600000.0	17700000.0	0.893336698181
17700000.0	17800000.0	0.682830461211
17800000.0	17900000.0	0.861345630867
17850000.0	17950000.0	0.816787204918
17900000.0	18000000.0	0.820781132451
17950000.0	18050000.0	0.870060389568
18100000.0	18200000.0	0.765525260031
18150000.0	18250000.0	0.751729590827
18350000.0	18450000.0	0.818124679417
18500000.0	18600000.0	0.869761195983
18550000.0	18650000.0	0.860255844053
18800000.0	18900000.0	0.871527192019
18850000.0	18950000.0	0.883022107114
18950000.0	19050000.0	0.887571054211
19600000.0	19700000.0	0.740272899576
19650000.0	19750000.0	0.728857160689
19700000.0	19800000.0	0.885864693115
19750000.0	19850000.0	0.83816816676
19900000.0	20000000.0	0.890571853327
19950000.0	20050000.0	0.849721663684
20000000.0	20100000.0	0.858309284207
20050000.0	20150000.0	0.889493352382
20150000.0	20250000.0	0.81254219191
20200000.0	20300000.0	0.890663224768
20250000.0	20350000.0	0.884057848052
20400000.0	20500000.0	0.828072731704
20600000.0	20700000.0	0.829542494507
20700000.0	20800000.0	0.793035138715
20900000.0	21000000.0	0.773781018293
20950000.0	21050000.0	0.867558143055
21100000.0	21200000.0	0.897269890153
21150000.0	21250000.0	0.766289896113
21200000.0	21300000.0	0.881801167511
21500000.0	21600000.0	0.852789110556
21550000.0	21650000.0	0.679296175678
21600000.0	21700000.0	0.869950976406
21750000.0	21850000.0	0.88068574869
21800000.0	21900000.0	0.848465150602
21900000.0	22000000.0	0.861700358746
22000000.0	22100000.0	0.881115167406
22100000.0	22200000.0	0.700348918531
22200000.0	22300000.0	0.866350982166
22250000.0	22350000.0	0.5341856392
22300000.0	22400000.0	0.874546726291
22400000.0	22500000.0	0.891032435743
22450000.0	22550000.0	0.761788647488
22500000.0	22600000.0	0.89505145404
22550000.0	22650000.0	0.829486392664
22650000.0	22750000.0	0.892067769615
22700000.0	22800000.0	0.893918786518
22750000.0	22850000.0	0.881558563845
22800000.0	22900000.0	0.851485714848
22900000.0	23000000.0	0.717569530749
23050000.0	23150000.0	0.826700798046
23150000.0	23250000.0	0.899517655816
23200000.0	23300000.0	0.812492054234
23550000.0	23650000.0	0.864370271628
23600000.0	23700000.0	0.733447675587
23700000.0	23800000.0	0.843566065705
23750000.0	23850000.0	0.705509784175
23800000.0	23900000.0	0.389320493784
23850000.0	23950000.0	0.848830208161
23900000.0	24000000.0	0.852195523665
24100000.0	24200000.0	0.892712236895
24150000.0	24250000.0	0.727799090205
24200000.0	24300000.0	0.780323828206
24250000.0	24350000.0	0.826447533847
24300000.0	24400000.0	0.877454951118
24400000.0	24500000.0	0.896779309855
24550000.0	24650000.0	0.706413856508
24600000.0	24700000.0	0.597361797643
24800000.0	24900000.0	0.769788498143
24850000.0	24950000.0	0.879310125982
24900000.0	25000000.0	0.880374740406
25000000.0	25100000.0	0.72102717452
25050000.0	25150000.0	0.894123753302
25150000.0	25250000.0	0.827993156695
25200000.0	25300000.0	0.674425301996
25250000.0	25350000.0	0.883828719449
25300000.0	25400000.0	0.884615391023
25400000.0	25500000.0	0.677717010144
25450000.0	25550000.0	0.850447093454
25550000.0	25650000.0	0.745625187218
25600000.0	25700000.0	0.886940460861
25750000.0	25850000.0	0.840737755773
25900000.0	26000000.0	0.847506149013
25950000.0	26050000.0	0.844696439981
26050000.0	26150000.0	0.770817530123
26150000.0	26250000.0	0.856380056577
26200000.0	26300000.0	0.877917294051
26400000.0	26500000.0	0.85971244218
26450000.0	26550000.0	0.81924262591
26500000.0	26600000.0	0.842341172868
26650000.0	26750000.0	0.846350675196
26750000.0	26850000.0	0.768556027153
26800000.0	26900000.0	0.899285979302
27200000.0	27300000.0	0.831811593877
27450000.0	27550000.0	0.838897293692
27550000.0	27650000.0	0.711368492642
27600000.0	27700000.0	0.861527890773
27800000.0	27900000.0	0.883217269888
27850000.0	27950000.0	0.628507618158
28050000.0	28150000.0	0.806081930299
28100000.0	28200000.0	0.824215046843
28300000.0	28400000.0	0.899995866688
28450000.0	28550000.0	0.79581673392
28500000.0	28600000.0	0.825103583623
28550000.0	28650000.0	0.877873995856
28600000.0	28700000.0	0.850949319888
28650000.0	28750000.0	0.739267898262
28700000.0	28800000.0	0.855608817973
28800000.0	28900000.0	0.897542785999
28850000.0	28950000.0	0.70670778897
28900000.0	29000000.0	0.804210776778
29000000.0	29100000.0	0.890803047612
29200000.0	29300000.0	0.766236029198
29250000.0	29350000.0	0.751308788401
29400000.0	29500000.0	0.679271938983
29600000.0	29700000.0	0.84917994766
29700000.0	29800000.0	0.870180042827
29850000.0	29950000.0	0.814625332978
30050000.0	30150000.0	0.842451269631
30150000.0	30250000.0	0.865565367521
30250000.0	30350000.0	0.760064238871
30400000.0	30500000.0	0.746457702623
30450000.0	30550000.0	0.871826645703
30500000.0	30600000.0	0.895929439849
30650000.0	30750000.0	0.679206959633
30700000.0	30800000.0	0.876810747765
30750000.0	30850000.0	0.640709023224
30900000.0	31000000.0	0.548935322278
31150000.0	31250000.0	0.878715849755
31200000.0	31300000.0	0.743236684274
31250000.0	31350000.0	0.870817693965
31450000.0	31550000.0	0.813005828681
31600000.0	31700000.0	0.783562774982
31650000.0	31750000.0	0.810253751893
31700000.0	31800000.0	0.892660301275
31850000.0	31950000.0	0.761463771007
32100000.0	32200000.0	0.881077175307
32150000.0	32250000.0	0.832301392542
32200000.0	32300000.0	0.840071705086
32650000.0	32750000.0	0.757973561292
32700000.0	32800000.0	0.789841498478
32800000.0	32900000.0	0.897923259331
33450000.0	33550000.0	0.879324919754
33500000.0	33600000.0	0.746131464186
33550000.0	33650000.0	0.801549461472
34250000.0	34350000.0	0.811790287789
34500000.0	34600000.0	0.768785019779
34550000.0	34650000.0	0.814328821491
34700000.0	34800000.0	0.89323431384
34750000.0	34850000.0	0.859805911127
34800000.0	34900000.0	0.870366234486
35100000.0	35200000.0	0.835593435721
35300000.0	35400000.0	0.803191486091
35350000.0	35450000.0	0.852089051842
35650000.0	35750000.0	0.894583074101
35750000.0	35850000.0	0.870900252379
35900000.0	36000000.0	0.84646535467
36400000.0	36500000.0	0.880526515473
36750000.0	36850000.0	0.87097829688
36800000.0	36900000.0	0.750924902276
36900000.0	37000000.0	0.822496575534
36950000.0	37050000.0	0.852178192003
37000000.0	37100000.0	0.813436650545
37250000.0	37350000.0	0.818203589051
37700000.0	37800000.0	0.876852002023
37950000.0	38050000.0	0.848221115708
38000000.0	38100000.0	0.780761035316
38450000.0	38550000.0	0.897072985897
38500000.0	38600000.0	0.785537071272
38550000.0	38650000.0	0.77568677272
38700000.0	38800000.0	0.771262036015
38750000.0	38850000.0	0.490089720729
38800000.0	38900000.0	0.295581930646
38850000.0	38950000.0	0.294004863078
38900000.0	39000000.0	0.315714050387
38950000.0	39050000.0	0.349678988584
39000000.0	39100000.0	0.386577640038
39050000.0	39150000.0	0.428172899661
39100000.0	39200000.0	0.482139753032
39150000.0	39250000.0	0.42129932458
39200000.0	39300000.0	0.331042753641
39250000.0	39350000.0	0.246870010157
39300000.0	39400000.0	0.194719951913
39350000.0	39450000.0	0.223295351703
39400000.0	39500000.0	0.301517645036
39450000.0	39550000.0	0.287916011022
39500000.0	39600000.0	0.241366489004
39550000.0	39650000.0	0.226878505357
39600000.0	39700000.0	0.120931117009
39650000.0	39750000.0	0.146690711997
39700000.0	39800000.0	0.302453747984
39750000.0	39850000.0	0.299208946169
39800000.0	39900000.0	0.209791062624
39850000.0	39950000.0	0.196215344288
39900000.0	40000000.0	0.167179762688
39950000.0	40050000.0	0.123336324589
40000000.0	40100000.0	0.203117142448
40050000.0	40150000.0	0.281096175384
40100000.0	40200000.0	0.302338703492
40150000.0	40250000.0	0.238504819954
40200000.0	40300000.0	0.130544994098
40250000.0	40350000.0	0.192972172542
40300000.0	40400000.0	0.278420663275
40350000.0	40450000.0	0.203242066541
40400000.0	40500000.0	0.163707082475
40450000.0	40550000.0	0.30375894517
40500000.0	40600000.0	0.391488601258
40550000.0	40650000.0	0.360536040194
40600000.0	40700000.0	0.269451333249
40650000.0	40750000.0	0.213362608127
40700000.0	40800000.0	0.284318901323
40750000.0	40850000.0	0.336060345146
40800000.0	40900000.0	0.269859422006
40850000.0	40950000.0	0.187922795631
40900000.0	41000000.0	0.104827492924
40950000.0	41050000.0	0.131039811435
41000000.0	41100000.0	0.226149313882
41050000.0	41150000.0	0.204558985221
41100000.0	41200000.0	0.0996880758051
41150000.0	41250000.0	0.145445205209
41200000.0	41300000.0	0.252725645451
41250000.0	41350000.0	0.21340538406
41300000.0	41400000.0	0.12271934499
41350000.0	41450000.0	0.11922079265
41400000.0	41500000.0	0.197361449628
41450000.0	41550000.0	0.200515472786
41500000.0	41600000.0	0.226231131232
41550000.0	41650000.0	0.311095537387
41600000.0	41700000.0	0.280448503315
41650000.0	41750000.0	0.227624362721
41700000.0	41800000.0	0.22153270237
41750000.0	41850000.0	0.210742236658
41800000.0	41900000.0	0.248638482
41850000.0	41950000.0	0.31476213504
41900000.0	42000000.0	0.36716770654
41950000.0	42050000.0	0.307030643321
42000000.0	42100000.0	0.222904366537
42050000.0	42150000.0	0.215129416294
42100000.0	42200000.0	0.234369397068
42150000.0	42250000.0	0.25646998563
42200000.0	42300000.0	0.265978972112
42250000.0	42350000.0	0.276704731383
42300000.0	42400000.0	0.262473009479
42350000.0	42450000.0	0.238773003048
42400000.0	42500000.0	0.26080796882
42450000.0	42550000.0	0.274387146043
42500000.0	42600000.0	0.24237736733
42550000.0	42650000.0	0.136620054836
42600000.0	42700000.0	0.0913229782881
42650000.0	42750000.0	0.162638498341
42700000.0	42800000.0	0.179837559185
42750000.0	42850000.0	0.173237440091
42800000.0	42900000.0	0.217769631809
42850000.0	42950000.0	0.235715824223
42900000.0	43000000.0	0.2415376729
42950000.0	43050000.0	0.27690185409
43000000.0	43100000.0	0.264251109674
43050000.0	43150000.0	0.235818818808
43100000.0	43200000.0	0.261973244868
43150000.0	43250000.0	0.176453734022
43200000.0	43300000.0	0.0286959517623
43250000.0	43350000.0	0.111083637121
43300000.0	43400000.0	0.271629580173
43350000.0	43450000.0	0.288921830537
43400000.0	43500000.0	0.281994253378
43450000.0	43550000.0	0.32196480842
43500000.0	43600000.0	0.32459152023
43550000.0	43650000.0	0.302150912423
43600000.0	43700000.0	0.345363158222
43650000.0	43750000.0	0.392455405472
43700000.0	43800000.0	0.393996094076
43750000.0	43850000.0	0.397892080595
43800000.0	43900000.0	0.368550842659
43850000.0	43950000.0	0.281333503977
43900000.0	44000000.0	0.118209812116
43950000.0	44050000.0	0.167547360839
44000000.0	44100000.0	0.324459831804
44050000.0	44150000.0	0.376838511922
44100000.0	44200000.0	0.457380860384
44150000.0	44250000.0	0.505192678082
44200000.0	44300000.0	0.485458136726
44250000.0	44350000.0	0.391654472465
44300000.0	44400000.0	0.291550008494
44350000.0	44450000.0	0.307964821177
44400000.0	44500000.0	0.353775283876
44450000.0	44550000.0	0.3200511823
44500000.0	44600000.0	0.260734398021
44550000.0	44650000.0	0.226764091746
44600000.0	44700000.0	0.15735239301
44650000.0	44750000.0	0.148441841093
44700000.0	44800000.0	0.347647079329
44750000.0	44850000.0	0.468687793431
44800000.0	44900000.0	0.541867277166
44850000.0	44950000.0	0.37538923352
44900000.0	45000000.0	0.158368218333
44950000.0	45050000.0	0.204331141631
45000000.0	45100000.0	0.230476109024
45050000.0	45150000.0	0.273237732719
45100000.0	45200000.0	0.30674148114
45150000.0	45250000.0	0.275976752007
45200000.0	45300000.0	0.106742400808
45250000.0	45350000.0	0.0
45300000.0	45400000.0	0.171359207801
45350000.0	45450000.0	0.323594454952
45400000.0	45500000.0	0.275425553613
45450000.0	45550000.0	0.238159531961
45500000.0	45600000.0	0.221597998568
45550000.0	45650000.0	0.210761527955
45600000.0	45700000.0	0.218390957879
45650000.0	45750000.0	0.244626419424
45700000.0	45800000.0	0.238747190841
45750000.0	45850000.0	0.141332314414
45800000.0	45900000.0	0.107416284369
45850000.0	45950000.0	0.188282988997
45900000.0	46000000.0	0.219608205499
45950000.0	46050000.0	0.210044628242
46000000.0	46100000.0	0.211250840812
46050000.0	46150000.0	0.229893691901
46100000.0	46200000.0	0.227025514453
46150000.0	46250000.0	0.152094972062
46200000.0	46300000.0	0.141307800435
46250000.0	46350000.0	0.200567645999
46300000.0	46400000.0	0.231287465964
46350000.0	46450000.0	0.225454187119
46400000.0	46500000.0	0.121436804417
46450000.0	46550000.0	0.0205156480075
46500000.0	46600000.0	0.0805017248608
46550000.0	46650000.0	0.186416794561
46600000.0	46700000.0	0.218559447109
46650000.0	46750000.0	0.225561520604
46700000.0	46800000.0	0.280530710912
46750000.0	46850000.0	0.296771706466
46800000.0	46900000.0	0.300897476515
46850000.0	46950000.0	0.31060031557
46900000.0	47000000.0	0.248916490365
46950000.0	47050000.0	0.20851044705
47000000.0	47100000.0	0.115845782602
47050000.0	47150000.0	0.0186673509138
47100000.0	47200000.0	0.130332523173
47150000.0	47250000.0	0.285327452533
47200000.0	47300000.0	0.28173093031
47250000.0	47350000.0	0.168864403599
47300000.0	47400000.0	0.0417650686786
47350000.0	47450000.0	0.0
47400000.0	47500000.0	0.0
47450000.0	47550000.0	0.0
47500000.0	47600000.0	0.0
47550000.0	47650000.0	0.0
47600000.0	47700000.0	0.0
47650000.0	47750000.0	0.0
47700000.0	47800000.0	0.0
47750000.0	47850000.0	0.0
47800000.0	47900000.0	0.0
47850000.0	47950000.0	0.0
47900000.0	48000000.0	0.0
47950000.0	48050000.0	0.0
48000000.0	48100000.0	0.0
48050000.0	48150000.0	0.0
48100000.0	48200000.0	0.0
48150000.0	48250000.0	0.0
48200000.0	48300000.0	0.0
48250000.0	48350000.0	0.0
48300000.0	48400000.0	0.0
48350000.0	48450000.0	0.0
48400000.0	48500000.0	0.0
48450000.0	48550000.0	0.0
48500000.0	48600000.0	0.0
48550000.0	48650000.0	0.0
48600000.0	48700000.0	0.0
48650000.0	48750000.0	0.0
48700000.0	48800000.0	0.0
48750000.0	48850000.0	0.0
48800000.0	48900000.0	0.0
48850000.0	48950000.0	0.0
48900000.0	49000000.0	0.0
48950000.0	49050000.0	0.0
49000000.0	49100000.0	0.0
49050000.0	49150000.0	0.0
49100000.0	49200000.0	0.0
49150000.0	49250000.0	0.0
49200000.0	49300000.0	0.0
49250000.0	49350000.0	0.0
49300000.0	49400000.0	0.0
49350000.0	49450000.0	0.0
49400000.0	49500000.0	0.0
49450000.0	49550000.0	0.0
49500000.0	49600000.0	0.0
49550000.0	49650000.0	0.0
49600000.0	49700000.0	0.0
49650000.0	49750000.0	0.0
49700000.0	49800000.0	0.0
49750000.0	49850000.0	0.0
49800000.0	49900000.0	0.0
49850000.0	49950000.0	0.0
49900000.0	50000000.0	0.0
49950000.0	50050000.0	0.0
50000000.0	50100000.0	0.0
50050000.0	50150000.0	0.0
50100000.0	50200000.0	0.0
50150000.0	50250000.0	0.0
50200000.0	50300000.0	0.0
50250000.0	50350000.0	0.0
50300000.0	50400000.0	0.0
50350000.0	50450000.0	0.0
50400000.0	50500000.0	0.0
50450000.0	50550000.0	0.0
50500000.0	50600000.0	0.0
50550000.0	50650000.0	0.0
50600000.0	50700000.0	0.0
50650000.0	50750000.0	0.0
50700000.0	50800000.0	0.0
50750000.0	50850000.0	0.0
50800000.0	50900000.0	0.0
50850000.0	50950000.0	0.0
50900000.0	51000000.0	0.0
50950000.0	51050000.0	0.0
51000000.0	51100000.0	0.0
51050000.0	51150000.0	0.0
51100000.0	51200000.0	0.0
51150000.0	51250000.0	0.0
51200000.0	51300000.0	0.0
51250000.0	51350000.0	0.0
51300000.0	51400000.0	0.0
51350000.0	51450000.0	0.0
51400000.0	51500000.0	0.0
51450000.0	51550000.0	0.0
51500000.0	51600000.0	0.0
51550000.0	51650000.0	0.0
51600000.0	51700000.0	0.0
51650000.0	51750000.0	0.0
51700000.0	51800000.0	0.0
51750000.0	51850000.0	0.0
51800000.0	51900000.0	0.0
51850000.0	51950000.0	0.0
51900000.0	52000000.0	0.0
51950000.0	52050000.0	0.0
52000000.0	52100000.0	0.0
52050000.0	52150000.0	0.0
52100000.0	52200000.0	0.0
52150000.0	52250000.0	0.0
52200000.0	52300000.0	0.0
52250000.0	52350000.0	0.0
52300000.0	52400000.0	0.0
52350000.0	52450000.0	0.0
52400000.0	52500000.0	0.0
52450000.0	52550000.0	0.0
52500000.0	52600000.0	0.0
52550000.0	52650000.0	0.0
52600000.0	52700000.0	0.0
52650000.0	52750000.0	0.0
52700000.0	52800000.0	0.0
52750000.0	52850000.0	0.0
52800000.0	52900000.0	0.0
52850000.0	52950000.0	0.0
52900000.0	53000000.0	0.0
52950000.0	53050000.0	0.0
53000000.0	53100000.0	0.0
53050000.0	53150000.0	0.0
53100000.0	53200000.0	0.0
53150000.0	53250000.0	0.0
53200000.0	53300000.0	0.0
53250000.0	53350000.0	0.0
53300000.0	53400000.0	0.0
53350000.0	53450000.0	0.0
53400000.0	53500000.0	0.0
53450000.0	53550000.0	0.0
53500000.0	53600000.0	0.0
53550000.0	53650000.0	0.0
53600000.0	53700000.0	0.0
53650000.0	53750000.0	0.0
53700000.0	53800000.0	0.0
53750000.0	53850000.0	0.0
53800000.0	53900000.0	0.0
53850000.0	53950000.0	0.0
53900000.0	54000000.0	0.0
53950000.0	54050000.0	0.0
54000000.0	54100000.0	0.0
54050000.0	54150000.0	0.0
54100000.0	54200000.0	0.0
54150000.0	54250000.0	0.0
54200000.0	54300000.0	0.0
54250000.0	54350000.0	0.0
54300000.0	54400000.0	0.0
54350000.0	54450000.0	0.0
54400000.0	54500000.0	0.0
54450000.0	54550000.0	0.0
54500000.0	54600000.0	0.0
54550000.0	54650000.0	0.0
54600000.0	54700000.0	0.0
54650000.0	54750000.0	0.0
54700000.0	54800000.0	0.0
54750000.0	54850000.0	0.0
54800000.0	54900000.0	0.0
54850000.0	54950000.0	0.0
54900000.0	55000000.0	0.0
54950000.0	55050000.0	0.0
55000000.0	55100000.0	0.0
55050000.0	55150000.0	0.0
55100000.0	55200000.0	0.0
55150000.0	55250000.0	0.0
55200000.0	55300000.0	0.0
55250000.0	55350000.0	0.0
55300000.0	55400000.0	0.0
55350000.0	55450000.0	0.0
55400000.0	55500000.0	0.0
55450000.0	55550000.0	0.0
55500000.0	55600000.0	0.0
55550000.0	55650000.0	0.0
55600000.0	55700000.0	0.0
55650000.0	55750000.0	0.0
55700000.0	55800000.0	0.0
55750000.0	55850000.0	0.0
55800000.0	55900000.0	0.0
55850000.0	55950000.0	0.0
55900000.0	56000000.0	0.0
55950000.0	56050000.0	0.0
56000000.0	56100000.0	0.0
56050000.0	56150000.0	0.0
56100000.0	56200000.0	0.0
56150000.0	56250000.0	0.0
56200000.0	56300000.0	0.0
56250000.0	56350000.0	0.0
56300000.0	56400000.0	0.0
56350000.0	56450000.0	0.0
56400000.0	56500000.0	0.0
56450000.0	56550000.0	0.0
56500000.0	56600000.0	0.0
56550000.0	56650000.0	0.0
56600000.0	56700000.0	0.0
56650000.0	56750000.0	0.0
56700000.0	56800000.0	0.0
56750000.0	56850000.0	0.0
56800000.0	56900000.0	0.0
56850000.0	56950000.0	0.0
56900000.0	57000000.0	0.0
56950000.0	57050000.0	0.0
57000000.0	57100000.0	0.0
57050000.0	57150000.0	0.0
57100000.0	57200000.0	0.0
57150000.0	57250000.0	0.0
57200000.0	57300000.0	0.0
57250000.0	57350000.0	0.0
57300000.0	57400000.0	0.0
57350000.0	57450000.0	0.0
57400000.0	57500000.0	0.0
57450000.0	57550000.0	0.0
57500000.0	57600000.0	0.0
57550000.0	57650000.0	0.0
57600000.0	57700000.0	0.0
57650000.0	57750000.0	0.0
57700000.0	57800000.0	0.0
57750000.0	57850000.0	0.0
57800000.0	57900000.0	0.0
57850000.0	57950000.0	0.0
57900000.0	58000000.0	0.0
57950000.0	58050000.0	0.0
58000000.0	58100000.0	0.0
58050000.0	58150000.0	0.0
58100000.0	58200000.0	0.0
58150000.0	58250000.0	0.0
58200000.0	58300000.0	0.0
58250000.0	58350000.0	0.0
58300000.0	58400000.0	0.0
58350000.0	58450000.0	0.0
58400000.0	58500000.0	0.0
58450000.0	58550000.0	0.0
58500000.0	58600000.0	0.0
58550000.0	58650000.0	0.0
58600000.0	58700000.0	0.0
58650000.0	58750000.0	0.0
58700000.0	58800000.0	0.0
58750000.0	58850000.0	0.0
58800000.0	58900000.0	0.0
58850000.0	58950000.0	0.0
58900000.0	59000000.0	0.0
58950000.0	59050000.0	0.0
59000000.0	59100000.0	0.0
59050000.0	59150000.0	0.0
59100000.0	59200000.0	0.0
59150000.0	59250000.0	0.0
59200000.0	59300000.0	0.0
59250000.0	59350000.0	0.0
59300000.0	59400000.0	0.0
59350000.0	59450000.0	0.0
59400000.0	59500000.0	0.0
59450000.0	59550000.0	0.0
59500000.0	59600000.0	0.0
59550000.0	59650000.0	0.0
59600000.0	59700000.0	0.0
59650000.0	59750000.0	0.0
59700000.0	59800000.0	0.0
59750000.0	59850000.0	0.0
59800000.0	59900000.0	0.0
59850000.0	59950000.0	0.0
59900000.0	60000000.0	0.0
59950000.0	60050000.0	0.0
60000000.0	60100000.0	0.0
60050000.0	60150000.0	0.0
60100000.0	60200000.0	0.0
60150000.0	60250000.0	0.0
60200000.0	60300000.0	0.0
60250000.0	60350000.0	0.0
60300000.0	60400000.0	0.0
60350000.0	60450000.0	0.0
60400000.0	60500000.0	0.0
60450000.0	60550000.0	0.0
60500000.0	60600000.0	0.0
60550000.0	60650000.0	0.0
60600000.0	60700000.0	0.0
60650000.0	60750000.0	0.0
60700000.0	60800000.0	0.0
60750000.0	60850000.0	0.0
60800000.0	60900000.0	0.0
60850000.0	60950000.0	0.0
60900000.0	61000000.0	0.0
60950000.0	61050000.0	0.0
61000000.0	61100000.0	0.0
61050000.0	61150000.0	0.0
61100000.0	61200000.0	0.0
61150000.0	61250000.0	0.0
61200000.0	61300000.0	0.0
61250000.0	61350000.0	0.0
61300000.0	61400000.0	0.0
61350000.0	61450000.0	0.0
61400000.0	61500000.0	0.0
61450000.0	61550000.0	0.0
61500000.0	61600000.0	0.0
61550000.0	61650000.0	0.0
61600000.0	61700000.0	0.0
61650000.0	61750000.0	0.0
61700000.0	61800000.0	0.0
61750000.0	61850000.0	0.0
61800000.0	61900000.0	0.0
61850000.0	61950000.0	0.0
61900000.0	62000000.0	0.0
61950000.0	62050000.0	0.0
62000000.0	62100000.0	0.0
62050000.0	62150000.0	0.0
62100000.0	62200000.0	0.0
62150000.0	62250000.0	0.0
62200000.0	62300000.0	0.0
62250000.0	62350000.0	0.0
62300000.0	62400000.0	0.0
62350000.0	62450000.0	0.0
62400000.0	62500000.0	0.0
62450000.0	62550000.0	0.0
62500000.0	62600000.0	0.0
62550000.0	62650000.0	0.0
62600000.0	62700000.0	0.0
62650000.0	62750000.0	0.0
62700000.0	62800000.0	0.0
62750000.0	62850000.0	0.0
62800000.0	62900000.0	0.0
62850000.0	62950000.0	0.0
62900000.0	63000000.0	0.0
62950000.0	63050000.0	0.0
63000000.0	63100000.0	0.0
63050000.0	63150000.0	0.0
63100000.0	63200000.0	0.0
63150000.0	63250000.0	0.0
63200000.0	63300000.0	0.0
63250000.0	63350000.0	0.0
63300000.0	63400000.0	0.0
63350000.0	63450000.0	0.0
63400000.0	63500000.0	0.0
63450000.0	63550000.0	0.0
63500000.0	63600000.0	0.0
63550000.0	63650000.0	0.0
63600000.0	63700000.0	0.0
63650000.0	63750000.0	0.0
63700000.0	63800000.0	0.0
63750000.0	63850000.0	0.0
63800000.0	63900000.0	0.0
63850000.0	63950000.0	0.0
63900000.0	64000000.0	0.0
63950000.0	64050000.0	0.0
64000000.0	64100000.0	0.0
64050000.0	64150000.0	0.0
64100000.0	64200000.0	0.0
64150000.0	64250000.0	0.0
64200000.0	64300000.0	0.0
64250000.0	64350000.0	0.0
64300000.0	64400000.0	0.0
64350000.0	64450000.0	0.0
64400000.0	64500000.0	0.0
64450000.0	64550000.0	0.0
64500000.0	64600000.0	0.0
64550000.0	64650000.0	0.0
64600000.0	64700000.0	0.0
64650000.0	64750000.0	0.0
64700000.0	64800000.0	0.0
64750000.0	64850000.0	0.0
64800000.0	64900000.0	0.0
64850000.0	64950000.0	0.0
64900000.0	65000000.0	0.0
64950000.0	65050000.0	0.0
65000000.0	65100000.0	0.0
65050000.0	65150000.0	0.0
65100000.0	65200000.0	0.0
65150000.0	65250000.0	0.0
65200000.0	65300000.0	0.0
65250000.0	65350000.0	0.0
65300000.0	65400000.0	0.0
65350000.0	65450000.0	0.0
65400000.0	65500000.0	0.0131652933589
65450000.0	65550000.0	0.104290222536
65500000.0	65600000.0	0.229093756446
65550000.0	65650000.0	0.304283511931
65600000.0	65700000.0	0.285909872858
65650000.0	65750000.0	0.252689897803
65700000.0	65800000.0	0.292304945653
65750000.0	65850000.0	0.302952268182
65800000.0	65900000.0	0.271115891092
65850000.0	65950000.0	0.175886775966
65900000.0	66000000.0	0.134286070344
65950000.0	66050000.0	0.202159759609
66000000.0	66100000.0	0.21772202993
66050000.0	66150000.0	0.209028271829
66100000.0	66200000.0	0.196579762808
66150000.0	66250000.0	0.110464430383
66200000.0	66300000.0	0.188499810666
66250000.0	66350000.0	0.350878987843
66300000.0	66400000.0	0.343526557722
66350000.0	66450000.0	0.16935739504
66400000.0	66500000.0	0.274103887442
66450000.0	66550000.0	0.500096896318
66500000.0	66600000.0	0.412406458849
66550000.0	66650000.0	0.218776334128
66600000.0	66700000.0	0.183233000397
66650000.0	66750000.0	0.349423148007
66700000.0	66800000.0	0.42352449327
66750000.0	66850000.0	0.561773501557
66800000.0	66900000.0	0.473727157157
66850000.0	66950000.0	0.186502965227
66900000.0	67000000.0	0.207416067432
66950000.0	67050000.0	0.254469883364
67000000.0	67100000.0	0.233999764234
67050000.0	67150000.0	0.128550597064
67100000.0	67200000.0	0.0162512810791
67150000.0	67250000.0	0.0943270915993
67200000.0	67300000.0	0.228236655059
67250000.0	67350000.0	0.264527962474
67300000.0	67400000.0	0.165792461467
67350000.0	67450000.0	0.0351771393108
67400000.0	67500000.0	0.0
67450000.0	67550000.0	0.0823981999252
67500000.0	67600000.0	0.204774692538
67550000.0	67650000.0	0.275731522513
67600000.0	67700000.0	0.305969984077
67650000.0	67750000.0	0.274171989634
67700000.0	67800000.0	0.242275644931
67750000.0	67850000.0	0.233359824682
67800000.0	67900000.0	0.222850232071
67850000.0	67950000.0	0.240364398662
67900000.0	68000000.0	0.216330959443
67950000.0	68050000.0	0.0851588894111
68000000.0	68100000.0	0.0
68050000.0	68150000.0	0.03226785216
68100000.0	68200000.0	0.196089626149
68150000.0	68250000.0	0.331136946016
68200000.0	68300000.0	0.331645415422
68250000.0	68350000.0	0.3850106708
68300000.0	68400000.0	0.489449623656
68350000.0	68450000.0	0.623974119421
68400000.0	68500000.0	0.590497837939
68450000.0	68550000.0	0.318221920456
68500000.0	68600000.0	0.0818706732959
68550000.0	68650000.0	0.0
68600000.0	68700000.0	0.141060056687
68650000.0	68750000.0	0.314899069067
68700000.0	68800000.0	0.356697712312
68750000.0	68850000.0	0.299303187421
68800000.0	68900000.0	0.11700498749
68850000.0	68950000.0	0.0
68900000.0	69000000.0	0.067925883106
68950000.0	69050000.0	0.280180337298
69000000.0	69100000.0	0.357970843272
69050000.0	69150000.0	0.35131198505
69100000.0	69200000.0	0.35973891918
69150000.0	69250000.0	0.290248684051
69200000.0	69300000.0	0.189705686473
69250000.0	69350000.0	0.123965109508
69300000.0	69400000.0	0.173192628549
69350000.0	69450000.0	0.257370097785
69400000.0	69500000.0	0.280469590902
69450000.0	69550000.0	0.300946902442
69500000.0	69600000.0	0.271067523432
69550000.0	69650000.0	0.246213681321
69600000.0	69700000.0	0.252963786624
69650000.0	69750000.0	0.24132548817
69700000.0	69800000.0	0.233225780039
69750000.0	69850000.0	0.391854602113
69800000.0	69900000.0	0.474542865805
69850000.0	69950000.0	0.379235141558
69900000.0	70000000.0	0.427769697932
69950000.0	70050000.0	0.304210007896
70000000.0	70100000.0	0.112045731148
70050000.0	70150000.0	0.16363518551
70100000.0	70200000.0	0.201772798938
70150000.0	70250000.0	0.136493193349
70200000.0	70300000.0	0.0308923462234
70250000.0	70350000.0	0.0493375907324
70300000.0	70400000.0	0.133670711943
70350000.0	70450000.0	0.185511156252
70400000.0	70500000.0	0.211601174685
70450000.0	70550000.0	0.130586090769
70500000.0	70600000.0	0.126162115667
70550000.0	70650000.0	0.240020095348
70600000.0	70700000.0	0.269041019824
70650000.0	70750000.0	0.23751468678
70700000.0	70800000.0	0.102445931001
70750000.0	70850000.0	0.049398206297
70800000.0	70900000.0	0.160098935775
70850000.0	70950000.0	0.280614681453
70900000.0	71000000.0	0.353587921025
70950000.0	71050000.0	0.51833762017
71000000.0	71100000.0	0.832020441214
71150000.0	71250000.0	0.8799529973
71350000.0	71450000.0	0.888609448476
72000000.0	72100000.0	0.828541395078
72050000.0	72150000.0	0.826254761582
72200000.0	72300000.0	0.832721356535
72500000.0	72600000.0	0.835362516484
72700000.0	72800000.0	0.837838996129
72750000.0	72850000.0	0.862620443267
72800000.0	72900000.0	0.759758667325
72900000.0	73000000.0	0.888200592767
73200000.0	73300000.0	0.874200181173
73250000.0	73350000.0	0.806044630821
73300000.0	73400000.0	0.706143590934
73450000.0	73550000.0	0.88607942569
73600000.0	73700000.0	0.781843369004
73750000.0	73850000.0	0.852649079428
73800000.0	73900000.0	0.820555208883
73900000.0	74000000.0	0.872870367063
74100000.0	74200000.0	0.865248959806
74250000.0	74350000.0	0.802743340903
75050000.0	75150000.0	0.848489891111
75600000.0	75700000.0	0.814921006895
75650000.0	75750000.0	0.794137634363
75850000.0	75950000.0	0.858730969021
76100000.0	76200000.0	0.61418241781
76150000.0	76250000.0	0.880791625086
76300000.0	76400000.0	0.202239577441
76350000.0	76450000.0	0.683396508601
76600000.0	76700000.0	0.896961006545
76750000.0	76850000.0	0.899737041697
76850000.0	76950000.0	0.746549080728
76950000.0	77050000.0	0.831685242692
77000000.0	77100000.0	0.548651609268
77050000.0	77150000.0	0.749100925578
77100000.0	77200000.0	0.694691771789
77300000.0	77400000.0	0.886087628453
77350000.0	77450000.0	0.882942381566
77500000.0	77600000.0	0.872086928307
77700000.0	77800000.0	0.888714849723
77750000.0	77850000.0	0.80182690287
77850000.0	77950000.0	0.831511533753
78050000.0	78150000.0	0.874639148022
78150000.0	78250000.0	0.840527540782
78200000.0	78300000.0	0.625672899993
78300000.0	78400000.0	0.877529486556
78450000.0	78550000.0	0.882394517022
78600000.0	78700000.0	0.885087180407
78700000.0	78800000.0	0.87735438119
78800000.0	78900000.0	0.620541959162
78850000.0	78950000.0	0.884944176982
79000000.0	79100000.0	0.834786859574
79300000.0	79400000.0	0.877384578412
80000000.0	80100000.0	0.896663343106
80250000.0	80350000.0	0.886293211642
80350000.0	80450000.0	0.885003910072
80650000.0	80750000.0	0.858347303815
81200000.0	81300000.0	0.811844645898
81400000.0	81500000.0	0.800875256042
81450000.0	81550000.0	0.849694008118
81550000.0	81650000.0	0.611369987419
81600000.0	81700000.0	0.859256722131
81650000.0	81750000.0	0.739589684087
81700000.0	81800000.0	0.860384303132
81750000.0	81850000.0	0.852905286825
81850000.0	81950000.0	0.570436249735
82000000.0	82100000.0	0.8792550378
82050000.0	82150000.0	0.865082085072
82100000.0	82200000.0	0.896325996966
82200000.0	82300000.0	0.862478121926
82300000.0	82400000.0	0.659061181234
82350000.0	82450000.0	0.80167662717
82400000.0	82500000.0	0.698987535995
82450000.0	82550000.0	0.793200975918
82550000.0	82650000.0	0.804791959633
82600000.0	82700000.0	0.815139189981
82700000.0	82800000.0	0.879559356602
82950000.0	83050000.0	0.886869643072
83100000.0	83200000.0	0.814796565122
83200000.0	83300000.0	0.804231788551
83250000.0	83350000.0	0.741077852516
83300000.0	83400000.0	0.614939706757
83350000.0	83450000.0	0.865203337385
83650000.0	83750000.0	0.840008184051
83850000.0	83950000.0	0.787043393847
84250000.0	84350000.0	0.899244847414
84450000.0	84550000.0	0.884405436446
84500000.0	84600000.0	0.81889664699
84950000.0	85050000.0	0.854243012186
85250000.0	85350000.0	0.77371083556
85300000.0	85400000.0	0.826728016181
85350000.0	85450000.0	0.858036248526
85400000.0	85500000.0	0.665513099937
85450000.0	85550000.0	0.824708504911
85600000.0	85700000.0	0.791352792679
85650000.0	85750000.0	0.867201750708
85800000.0	85900000.0	0.648834928751
85950000.0	86050000.0	0.887404340249
86000000.0	86100000.0	0.857761925205
86100000.0	86200000.0	0.869510896785
86150000.0	86250000.0	0.873439908005
86350000.0	86450000.0	0.873617932856
86400000.0	86500000.0	0.744275994945
86450000.0	86550000.0	0.769942095268
87250000.0	87350000.0	0.891310795615
87350000.0	87450000.0	0.874735452894
87450000.0	87550000.0	0.898375124863
87550000.0	87650000.0	0.229869042046
87600000.0	87700000.0	0.675749831773
87850000.0	87950000.0	0.809419257452
88000000.0	88100000.0	0.697517269033
88100000.0	88200000.0	0.792856448998
88200000.0	88300000.0	0.887954768926
88250000.0	88350000.0	0.857902241054
88300000.0	88400000.0	0.83448084374
88350000.0	88450000.0	0.636607386487
88400000.0	88500000.0	0.811163748646
88700000.0	88800000.0	0.898153749712
88750000.0	88850000.0	0.894422109584
89250000.0	89350000.0	0.86514554404
89400000.0	89500000.0	0.753971902437
89550000.0	89650000.0	0.779452238602
89600000.0	89700000.0	0.793956104941
89650000.0	89750000.0	0.874283170422
89700000.0	89800000.0	0.824325394238
90300000.0	90400000.0	0.802568908249
90450000.0	90550000.0	0.785506769146
90500000.0	90600000.0	0.759730384322
90650000.0	90750000.0	0.87696293326
90700000.0	90800000.0	0.82721195403
91200000.0	91300000.0	0.822238772868
91250000.0	91350000.0	0.874073917227
91650000.0	91750000.0	0.883280416442
91700000.0	91800000.0	0.877160972561
91750000.0	91850000.0	0.883832916475
91800000.0	91900000.0	0.834494949654
92000000.0	92100000.0	0.884693123997
92150000.0	92250000.0	0.884573953421
92250000.0	92350000.0	0.824506360159
92300000.0	92400000.0	0.39637994402
92350000.0	92450000.0	0.0
92400000.0	92500000.0	0.461908746026
92450000.0	92550000.0	0.749142960306
92500000.0	92600000.0	0.08900421428
92550000.0	92650000.0	0.0
92600000.0	92700000.0	0.19210666666
92650000.0	92750000.0	0.686716998688
92700000.0	92800000.0	0.888359957739
92850000.0	92950000.0	0.894217146667
92900000.0	93000000.0	0.7987893694
92950000.0	93050000.0	0.857551256157
93100000.0	93200000.0	0.714580056696
93400000.0	93500000.0	0.784971216807
93450000.0	93550000.0	0.892737569827
93700000.0	93800000.0	0.852611662247
93950000.0	94050000.0	0.817201658514
94000000.0	94100000.0	0.695372912131
94150000.0	94250000.0	0.817199707706
94200000.0	94300000.0	0.817787916766
94400000.0	94500000.0	0.883461755363
94800000.0	94900000.0	0.868746583199
94900000.0	95000000.0	0.892600229936
94950000.0	95050000.0	0.833401464075
95050000.0	95150000.0	0.806471417496
95250000.0	95350000.0	0.860823224863
95400000.0	95500000.0	0.899793749869
96000000.0	96100000.0	0.869224770612
96050000.0	96150000.0	0.701187265996
96150000.0	96250000.0	0.851726876386
96250000.0	96350000.0	0.879053084717
96350000.0	96450000.0	0.897750636339
96450000.0	96550000.0	0.892456728049
96550000.0	96650000.0	0.818635452023
96750000.0	96850000.0	0.720902709731
96800000.0	96900000.0	0.843153392824
96850000.0	96950000.0	0.87299212934
96900000.0	97000000.0	0.874334255383
97000000.0	97100000.0	0.847532626291
97050000.0	97150000.0	0.65449478886
97100000.0	97200000.0	0.608384389986
97150000.0	97250000.0	0.790655439113
97900000.0	98000000.0	0.86179985255
98200000.0	98300000.0	0.839816735647
98700000.0	98800000.0	0.898080320977
98750000.0	98850000.0	0.861851592475
98850000.0	98950000.0	0.886677039241
99500000.0	99600000.0	0.830515272416
99550000.0	99650000.0	0.829293851345
99600000.0	99700000.0	0.80352962199
99650000.0	99750000.0	0.627023453706
99700000.0	99800000.0	0.657673562187
99750000.0	99850000.0	0.822089982013
99900000.0	100000000.0	0.80047802165
99950000.0	100050000.0	0.827737753075
100050000.0	100150000.0	0.547589321373
100150000.0	100250000.0	0.887002880067
100200000.0	100300000.0	0.827667921503
100250000.0	100350000.0	0.897925075572
100500000.0	100600000.0	0.714260848593
100550000.0	100650000.0	0.89982241637
100700000.0	100800000.0	0.887194068385
101350000.0	101450000.0	0.886122516655
101450000.0	101550000.0	0.896396484679
101700000.0	101800000.0	0.888960714079
101850000.0	101950000.0	0.874576172078
101900000.0	102000000.0	0.754887351002
101950000.0	102050000.0	0.811219789206
102050000.0	102150000.0	0.820812178254
102250000.0	102350000.0	0.880700933471
102350000.0	102450000.0	0.852209209512
102500000.0	102600000.0	0.899458191509
102650000.0	102750000.0	0.854011404892
102950000.0	103050000.0	0.850799744474
103000000.0	103100000.0	0.886107572316
103400000.0	103500000.0	0.853141961085
103450000.0	103550000.0	0.864503159672
103500000.0	103600000.0	0.897269271689
103700000.0	103800000.0	0.797754070206
103750000.0	103850000.0	0.804427716696
103850000.0	103950000.0	0.77554570379
104000000.0	104100000.0	0.697497806563
104450000.0	104550000.0	0.637785350511
104500000.0	104600000.0	0.649970867761
104650000.0	104750000.0	0.73360974525
104850000.0	104950000.0	0.855214109637
104900000.0	105000000.0	0.775685570725
104950000.0	105050000.0	0.821613599212
105000000.0	105100000.0	0.863283675648
105200000.0	105300000.0	0.786822512735
105300000.0	105400000.0	0.581923021867
105400000.0	105500000.0	0.739852444228
105700000.0	105800000.0	0.678454190825
105750000.0	105850000.0	0.823203200008
106300000.0	106400000.0	0.897711933378
106350000.0	106450000.0	0.886720967964
106400000.0	106500000.0	0.896716162809
106450000.0	106550000.0	0.881959357093
106550000.0	106650000.0	0.820709324853
106600000.0	106700000.0	0.899309425721
106700000.0	106800000.0	0.880801954573
106750000.0	106850000.0	0.874520023126
106850000.0	106950000.0	0.577864299404
106900000.0	107000000.0	0.88506687441
107300000.0	107400000.0	0.77227054089
107350000.0	107450000.0	0.864581581275
108000000.0	108100000.0	0.875926355598
108200000.0	108300000.0	0.889888336779
108250000.0	108350000.0	0.806908229911
108300000.0	108400000.0	0.823705790602
108350000.0	108450000.0	0.864169633351
108400000.0	108500000.0	0.853397296687
108450000.0	108550000.0	0.841361348451
108500000.0	108600000.0	0.833578502386
108700000.0	108800000.0	0.788573848646
108750000.0	108850000.0	0.82864739187
108850000.0	108950000.0	0.897253725986
108900000.0	109000000.0	0.788062291863
109000000.0	109100000.0	0.870189369612
109150000.0	109250000.0	0.880653338581
109350000.0	109450000.0	0.89321982028
109500000.0	109600000.0	0.698437849514
109700000.0	109800000.0	0.853512675279
109900000.0	110000000.0	0.780870176936
109950000.0	110050000.0	0.852243988092
110000000.0	110100000.0	0.847481005988
110050000.0	110150000.0	0.89290687801
110700000.0	110800000.0	0.812245012529
110750000.0	110850000.0	0.660361257025
110800000.0	110900000.0	0.879520281705
110850000.0	110950000.0	0.87726839874
110900000.0	111000000.0	0.728124679884
111000000.0	111100000.0	0.897529237789
111050000.0	111150000.0	0.789243573544
111100000.0	111200000.0	0.879598345569
111200000.0	111300000.0	0.801016679817
111250000.0	111350000.0	0.86402630501
111400000.0	111500000.0	0.74232662494
111550000.0	111650000.0	0.793820849885
111650000.0	111750000.0	0.895434279032
112000000.0	112100000.0	0.882909863211
112200000.0	112300000.0	0.851662156511
112350000.0	112450000.0	0.863421213333
112400000.0	112500000.0	0.893183931653
112450000.0	112550000.0	0.86079075969
112550000.0	112650000.0	0.754297163493
112700000.0	112800000.0	0.787478322388
112750000.0	112850000.0	0.832387318413
112900000.0	113000000.0	0.869324165167
113100000.0	113200000.0	0.849024823518
113150000.0	113250000.0	0.83128460164
113500000.0	113600000.0	0.696974838259
114450000.0	114550000.0	0.892658885651
114500000.0	114600000.0	0.873087719501
114850000.0	114950000.0	0.898385583616
115050000.0	115150000.0	0.899397159184
115200000.0	115300000.0	0.853314188462
115250000.0	115350000.0	0.848111355302
115750000.0	115850000.0	0.754587861431
115800000.0	115900000.0	0.60423996889
116600000.0	116700000.0	0.872885383445
116650000.0	116750000.0	0.86731658357
116700000.0	116800000.0	0.814538105073
116750000.0	116850000.0	0.761361632548
116950000.0	117050000.0	0.666151943771
117000000.0	117100000.0	0.896180204923
117050000.0	117150000.0	0.892243381366
117100000.0	117200000.0	0.899866885477
117250000.0	117350000.0	0.727790285974
117550000.0	117650000.0	0.840399485677
117600000.0	117700000.0	0.876214516315
117650000.0	117750000.0	0.884365697617
117800000.0	117900000.0	0.878971518502
117900000.0	118000000.0	0.824116825073
117950000.0	118050000.0	0.599476130893
118200000.0	118300000.0	0.89480678093
118250000.0	118350000.0	0.886109314099
118450000.0	118550000.0	0.863997027713
118550000.0	118650000.0	0.861644894383
118650000.0	118750000.0	0.651572373471
118700000.0	118800000.0	0.857210259264
118750000.0	118850000.0	0.845199175298
118800000.0	118900000.0	0.826906281617
118850000.0	118950000.0	0.769158412527
118900000.0	119000000.0	0.85211322615
118950000.0	119050000.0	0.3284786958
119000000.0	119100000.0	0.827241587738
119250000.0	119350000.0	0.896778910208
119300000.0	119400000.0	0.783958929666
119350000.0	119450000.0	0.701704166591
119400000.0	119500000.0	0.843922253292
119700000.0	119800000.0	0.88174444772
119750000.0	119850000.0	0.426901393593
119850000.0	119950000.0	0.887358776555
120000000.0	120100000.0	0.663309569572
120100000.0	120200000.0	0.808384240408
120200000.0	120300000.0	0.812481555465
120250000.0	120350000.0	0.81587534768
120450000.0	120550000.0	0.517426639151
120550000.0	120650000.0	0.809690800241
120650000.0	120750000.0	0.817973803628
120850000.0	120950000.0	0.832039328418
120950000.0	121050000.0	0.88739678239
121200000.0	121300000.0	0.78146081666
121350000.0	121450000.0	0.851683586106
121750000.0	121850000.0	0.804381011399
121850000.0	121950000.0	0.830299890815
121950000.0	122050000.0	0.780293625465
122150000.0	122250000.0	0.590760402418
122300000.0	122400000.0	0.787436782019
122350000.0	122450000.0	0.856809112265
122550000.0	122650000.0	0.855430235534
122650000.0	122750000.0	0.863730124884
122700000.0	122800000.0	0.850816789324
122750000.0	122850000.0	0.701659721295
122800000.0	122900000.0	0.864406974927
122950000.0	123050000.0	0.851343179284
123150000.0	123250000.0	0.568650361251
123200000.0	123300000.0	0.877463956185
123400000.0	123500000.0	0.869174622748
123450000.0	123550000.0	0.850288025121
123950000.0	124050000.0	0.843942607617
124050000.0	124150000.0	0.860239757613
124500000.0	124600000.0	0.867082942101
124750000.0	124850000.0	0.885770882434
124900000.0	125000000.0	0.89239113588
125000000.0	125100000.0	0.800549928475
125300000.0	125400000.0	0.885594840996
125400000.0	125500000.0	0.853702540825
125500000.0	125600000.0	0.86548232617
125850000.0	125950000.0	0.811439822781
126150000.0	126250000.0	0.877638654314
126250000.0	126350000.0	0.880026995133
126550000.0	126650000.0	0.846438972004
126600000.0	126700000.0	0.782579047257
127050000.0	127150000.0	0.792292698138
127150000.0	127250000.0	0.894111402999
127250000.0	127350000.0	0.770365683414
127700000.0	127800000.0	0.863245148557
128200000.0	128300000.0	0.842498751109
128650000.0	128750000.0	0.61109825835
128750000.0	128850000.0	0.873453871548
128800000.0	128900000.0	0.890950395299
128850000.0	128950000.0	0.889526295175
129200000.0	129300000.0	0.895374287612
129250000.0	129350000.0	0.777288105599
129350000.0	129450000.0	0.884919023253
129400000.0	129500000.0	0.736924447606
129450000.0	129550000.0	0.885817937459
129700000.0	129800000.0	0.893392759139
129750000.0	129850000.0	0.889127509547
129900000.0	130000000.0	0.730279211801
133000000.0	133100000.0	0.709256127408
133050000.0	133150000.0	0.125860669835
133100000.0	133200000.0	0.0
133150000.0	133250000.0	0.240419199889
133200000.0	133300000.0	0.737242635498
133300000.0	133400000.0	0.87890498087
134050000.0	134150000.0	0.896737013705
134150000.0	134250000.0	0.838539345434
134350000.0	134450000.0	0.702508796387
134800000.0	134900000.0	0.849185121131
134850000.0	134950000.0	0.817055826196
134900000.0	135000000.0	0.85334298283
135100000.0	135200000.0	0.759588589608
135350000.0	135450000.0	0.882742010675
135500000.0	135600000.0	0.704990746298
135850000.0	135950000.0	0.895255486669
136400000.0	136500000.0	0.855212931594
136450000.0	136550000.0	0.741473272812
136500000.0	136600000.0	0.876393845255
136550000.0	136650000.0	0.883307621453
136650000.0	136750000.0	0.666057442484
136750000.0	136850000.0	0.873135544392
136900000.0	137000000.0	0.895223902288
136950000.0	137050000.0	0.846381068156
137000000.0	137100000.0	0.353904858815
137050000.0	137150000.0	0.503425271627
137250000.0	137350000.0	0.598155873186
137300000.0	137400000.0	0.759297883695
137350000.0	137450000.0	0.89062659146
137650000.0	137750000.0	0.598585587891
137700000.0	137800000.0	0.729979498822
137850000.0	137950000.0	0.800648473889
138000000.0	138100000.0	0.635271427871
138500000.0	138600000.0	0.845781008259
138650000.0	138750000.0	0.779625122022
138700000.0	138800000.0	0.759665489581
138850000.0	138950000.0	0.871040986393
138900000.0	139000000.0	0.710264632885
139100000.0	139200000.0	0.534832892038
139150000.0	139250000.0	0.367451892938
139200000.0	139300000.0	0.749248183546
139250000.0	139350000.0	0.856984648728
139400000.0	139500000.0	0.824260233363
139550000.0	139650000.0	0.838168517974
139750000.0	139850000.0	0.899100192402
140350000.0	140450000.0	0.856196828538
140950000.0	141050000.0	0.884469678103
141000000.0	141100000.0	0.66092452153
141050000.0	141150000.0	0.390371179415
